100
4 3
4 5 6 4
4 2
4 5 6 4
3 3
1 1 1
100 3
88 8 67 92 41 47 19 28 65 56 37 80 11 92 26 62 26 1 73 32 5 5 70 27 92 47 11 2 98 61 77 74 92 57 17 94 22 5 76 97 65 91 48 89 8 62 11 17 74 80 84 11 43 98 85 25 5 26 25 22 20 35 35 92 14 23 65 2 59 22 55 52 82 80 61 11 77 53 37 52 25 8 21 50 32 8 11 49 41 74 65 86 29 80 31 41 17 11 58 26
1 3
58
100 3
98 2 2 19 38 17 44 59 6 59 1 76 50 98 49 41 20 79 56 65 44 74 61 41 62 88 74 50 63 8 22 17 50 51 13 56 73 29 89 86 92 82 97 86 43 28 14 46 97 49 25 86 31 8 77 94 95 8 47 98 2 28 10 25 5 82 26 70 51 15 13 32 62 26 58 52 20 53 22 38 19 85 85 38 97 88 31 26 8 77 5 61 2 80 34 7 50 59 62 29
100 3
13 85 30 8 20 77 1 19 19 70 43 22 12 16 11 4 7 67 87 34 79 34 1 40 76 77 36 49 31 58 76 10 94 13 67 29 59 85 1 38 35 74 11 64 77 92 69 52 70 85 61 65 19 74 49 26 19 45 22 31 13 82 97 10 80 94 28 21 91 28 97 40 47 40 1 71 19 5 91 46 44 19 26 79 19 24 17 58 7 22 73 7 35 97 5 52 50 75 94 45
100 3
61 34 22 80 8 80 92 57 59 2 43 29 91 57 49 59 82 20 32 3 67 34 92 29 83 71 11 55 14 32 67 35 32 13 59 94 79 98 8 70 35 65 31 59 57 47 32 41 14 35 30 77 58 24 5 64 92 34 97 35 33 86 89 67 19 16 44 92 32 76 96 59 84 26 35 77 95 35 68 91 44 97 50 74 23 4 83 50 3 71 69 35 49 97 47 50 56 71 41 23
100 3
23 63 94 14 70 30 53 10 74 68 83 59 64 28 52 77 3 41 59 59 8 8 89 25 53 74 8 80 41 55 67 25 77 92 83 16 38 70 86 50 14 56 59 91 65 37 45 20 40 89 16 74 22 25 23 53 5 83 67 32 83 84 12 27 71 35 33 47 32 14 51 67 74 41 77 28 4 66 62 17 34 71 23 2 94 65 26 25 39 51 37 55 59 89 84 43 55 62 20 26
100 3
44 82 62 88 97 77 52 13 24 56 58 48 88 64 94 96 42 89 13 61 23 43 94 94 80 90 4 40 64 13 41 19 78 94 32 38 58 5 22 73 64 13 74 73 34 13 41 41 13 73 63 37 20 85 53 65 48 81 53 6 84 29 46 7 46 79 57 82 45 68 8 28 83 64 52 62 35 64 39 22 31 19 76 82 46 50 64 4 22 10 28 10 58 59 97 44 82 70 57 67
100 3
56 85 10 38 59 11 68 44 98 28 47 98 5 40 8 3 26 77 80 50 46 53 17 26 8 45 1 17 58 8 78 32 98 91 61 95 77 22 56 74 34 71 49 59 26 25 34 83 29 92 90 98 5 53 68 30 73 11 91 19 73 74 74 23 65 92 76 85 80 17 95 68 38 98 16 26 5 33 70 4 49 2 68 7 32 38 19 89 73 59 4 92 97 41 50 80 33 20 47 68
100 3
16 5 90 34 44 47 50 86 52 39 68 65 62 5 73 32 8 16 48 17 11 53 52 2 49 83 91 43 74 20 65 8 62 32 95 19 50 22 49 79 38 80 32 60 16 92 73 2 26 65 20 72 98 74 22 14 35 17 16 89 52 17 74 97 87 98 15 37 37 37 78 37 35 79 14 33 68 38 12 23 14 86 59 4 47 35 50 74 77 20 94 32 50 68 88 71 53 29 26 86
100 3
29 79 1 49 86 50 40 43 50 98 55 98 97 38 32 31 77 97 89 4 28 38 40 34 79 62 5 58 35 59 79 95 77 23 38 89 95 37 17 10 89 89 40 25 4 35 73 73 40 59 65 88 11 76 98 46 1 17 91 52 79 8 50 70 70 55 50 98 70 52 68 28 91 98 74 40 83 10 41 73 34 85 65 79 70 94 64 14 20 7 16 88 73 94 31 19 65 2 79 23
100 3
76 86 41 29 67 8 59 98 23 52 41 34 55 62 47 35 64 59 77 32 88 2 41 68 70 80 93 16 65 65 40 75 50 86 37 24 41 42 47 65 58 50 8 2 74 20 14 92 53 30 9 24 44 68 77 91 80 8 59 51 83 35 10 47 24 14 58 10 77 71 80 86 14 89 66 85 11 64 5 26 56 2 84 55 22 28 28 31 55 4 71 4 98 77 50 50 68 64 35 56
100 3
26 65 98 77 24 50 33 56 38 40 37 65 95 4 74 7 95 36 3 2 92 11 47 31 88 46 80 7 98 13 57 3 81 43 47 25 38 14 86 61 13 14 62 52 53 5 77 64 16 8 72 53 76 98 61 53 8 26 89 16 5 50 74 68 50 5 65 77 74 41 58 14 28 74 37 44 78 25 23 13 83 41 86 44 31 12 56 65 97 77 53 76 92 16 46 13 8 26 17 8
100 3
44 91 58 74 14 80 56 76 70 11 40 8 74 41 49 92 61 13 49 44 61 55 16 43 98 40 65 68 17 67 73 14 19 40 25 56 58 59 13 50 32 53 73 35 17 53 37 22 41 80 37 44 77 97 82 61 38 31 35 82 34 49 76 34 92 86 25 86 73 53 44 5 80 47 44 2 1 31 89 41 53 44 91 68 95 5 37 71 22 61 22 40 95 52 43 44 46 7 94 76
100 3
19 43 35 59 38 61 12 34 20 84 61 52 22 47 28 23 92 58 58 50 65 17 44 14 56 19 32 64 63 62 19 14 35 77 38 67 28 52 12 59 65 50 33 8 16 89 50 65 88 56 38 40 32 26 86 53 12 80 20 59 14 19 47 83 44 67 57 79 60 1 88 95 83 28 41 96 74 98 2 22 97 24 44 68 17 82 31 29 94 43 71 2 26 5 35 55 46 1 46 95
100 3
10 18 73 6 31 8 13 98 19 55 46 52 50 70 82 97 7 79 28 81 93 64 71 41 52 83 81 31 94 62 71 64 7 52 92 59 2 94 56 85 43 44 28 36 19 21 64 95 43 5 76 46 7 87 74 55 68 1 44 4 82 13 74 37 46 43 32 9 17 64 91 52 40 68 98 82 64 1 73 43 34 77 21 22 53 76 52 21 86 82 72 53 1 22 7 68 39 62 47 73
19 2
80 49 80 24 86 26 16 81 65 76 41 16 36 90 47 35 35 35 37
100 3
43 4 83 46 67 94 47 25 46 3 34 36 4 25 4 28 79 79 4 64 5 28 1 98 97 89 16 97 19 1 47 13 13 32 70 50 37 52 1 41 55 55 7 53 19 21 16 10 34 49 97 71 58 62 59 49 37 98 82 80 23 82 98 52 28 31 62 49 28 98 19 41 31 64 88 34 56 64 53 55 13 43 83 86 68 61 79 93 51 88 91 25 90 79 40 40 95 55 44 14
100 3
9 5 34 91 59 26 92 62 83 64 2 20 87 95 10 85 85 65 87 4 91 8 64 83 71 18 96 2 56 40 59 64 47 3 33 83 68 89 34 35 13 46 92 39 13 62 35 14 16 50 71 92 97 38 47 8 37 4 20 12 46 68 88 89 62 16 28 86 65 72 57 76 10 26 65 87 11 25 91 44 26 56 5 32 2 45 2 55 79 39 74 68 14 77 83 10 80 37 85 17
3 3
83 65 23
100 3
32 24 3 81 2 26 64 11 55 71 61 71 80 79 56 80 35 94 59 40 77 65 17 39 68 20 5 9 47 64 62 54 77 62 26 29 17 53 7 39 49 50 86 59 42 47 68 11 61 14 71 80 47 89 88 59 7 59 83 85 95 94 79 39 94 47 78 41 98 8 38 32 50 26 17 8 29 5 59 95 47 17 74 31 53 91 38 32 49 89 20 8 85 55 27 26 67 67 73 38
100 3
86 85 48 58 71 3 59 56 38 68 24 73 53 20 71 47 32 80 11 1 83 84 77 43 61 74 20 44 29 54 44 38 74 47 19 46 17 82 55 17 7 86 89 51 17 20 53 29 47 53 32 47 2 68 79 50 9 46 32 65 20 73 35 92 35 75 79 38 8 54 92 15 53 20 2 64 53 20 94 72 11 1 79 46 80 97 47 44 11 86 56 29 20 41 74 26 2 6 53 60
100 3
12 98 20 98 96 62 47 55 38 17 45 32 77 96 8 89 38 27 6 67 25 14 95 57 35 32 41 8 47 13 65 7 73 89 38 74 25 59 30 29 41 38 23 61 11 61 95 16 92 38 35 77 94 17 65 5 98 55 17 74 95 26 7 97 83 68 87 23 92 11 19 41 14 56 20 30 68 28 23 11 44 50 46 86 15 95 1 68 28 69 90 20 86 23 17 52 59 55 37 75
100 3
14 38 50 64 82 42 7 38 49 5 46 67 11 97 73 13 10 37 40 51 49 28 67 33 34 94 64 23 54 97 89 71 52 76 7 43 8 83 89 94 73 49 16 8 4 89 65 92 25 17 11 36 34 88 82 97 4 22 97 67 29 10 61 67 55 5 61 47 61 81 57 79 60 40 4 51 67 19 95 41 4 57 4 16 1 58 68 91 23 76 41 1 40 37 77 24 62 76 70 12
100 3
94 92 32 98 50 53 65 38 5 41 71 20 38 71 31 23 96 6 91 8 74 38 61 47 67 79 72 76 82 98 13 68 80 19 25 10 56 6 28 20 87 71 35 89 68 44 1 67 29 83 71 35 5 51 86 70 83 1 41 59 26 90 67 37 47 37 43 44 88 29 47 98 20 71 43 83 13 32 61 50 12 76 35 50 5 11 53 80 81 2 50 80 53 11 97 41 23 8 83 41
100 3
5 7 1 46 14 10 70 74 37 13 53 97 64 82 14 91 34 38 19 77 14 46 16 6 38 86 62 11 63 52 21 97 13 49 97 55 46 33 89 13 88 55 50 58 67 4 4 34 49 43 56 46 10 7 73 34 95 70 67 43 88 33 31 70 2 46 59 7 91 44 82 68 24 96 19 46 67 85 63 9 16 29 59 10 16 76 4 49 88 55 76 32 22 82 54 55 79 40 88 47
100 3
84 67 69 85 77 23 45 7 68 11 58 39 7 46 97 85 34 34 97 83 73 58 31 61 16 79 63 43 70 95 60 57 88 42 71 34 94 26 52 24 52 77 57 28 10 70 37 59 17 43 16 92 79 49 76 85 76 7 85 16 84 4 34 68 16 90 82 43 14 62 28 16 88 52 41 98 41 15 22 53 77 41 23 65 22 39 31 22 26 11 4 7 40 50 37 91 61 70 25 28
100 3
31 50 41 41 58 20 97 18 82 2 73 74 44 74 80 67 47 47 5 5 23 83 38 11 98 77 70 62 31 86 74 35 95 50 52 1 26 52 26 25 23 59 70 62 20 84 43 37 8 74 80 25 65 98 55 77 38 32 23 74 29 53 95 71 13 83 44 67 73 49 58 68 2 70 86 20 83 31 36 67 98 71 44 62 66 72 43 4 9 52 49 44 68 89 95 65 26 65 59 14
28 3
65 88 5 63 56 24 32 70 17 77 25 26 92 92 81 58 74 17 58 40 68 77 72 17 46 22 62 54
100 3
21 26 35 89 4 89 56 33 8 11 44 80 25 95 2 35 37 39 8 77 26 50 5 82 80 62 65 21 32 5 56 51 76 20 10 14 62 13 91 53 5 61 85 80 23 44 32 14 77 68 20 32 74 59 86 59 31 33 47 80 16 29 59 1 11 47 71 13 41 50 86 8 79 59 18 18 4 11 7 89 92 61 11 59 64 6 10 50 26 47 86 37 35 11 44 11 89 6 20 8
13 3
94 16 32 58 68 38 59 44 4 98 17 34 37
100 3
97 32 20 29 13 44 98 2 65 54 37 84 20 49 50 97 44 31 83 89 50 92 89 29 62 44 23 41 92 12 63 50 25 1 89 95 32 17 15 59 92 28 89 59 11 53 80 21 56 14 86 44 47 77 89 16 50 46 43 58 59 64 37 14 37 36 58 79 46 3 27 94 68 62 68 84 86 55 47 38 68 86 49 81 23 64 63 10 24 43 28 94 41 74 47 56 33 23 77 29
100 3
37 52 76 92 78 93 14 70 66 68 76 40 67 7 61 32 66 88 80 55 19 45 31 14 79 91 45 79 35 89 64 58 28 65 28 52 25 71 7 52 17 41 80 40 55 58 74 70 80 1 55 28 96 92 31 52 70 58 28 58 54 79 91 79 29 49 7 49 43 43 87 94 86 34 9 58 79 62 52 58 59 64 85 83 4 1 42 37 5 58 16 13 22 13 49 87 28 3 7 40
12 3
44 11 64 70 77 89 85 43 26 82 47 84
100 3
95 16 53 98 41 67 13 71 37 16 11 5 71 8 56 71 41 26 41 91 91 80 2 8 44 50 95 92 56 71 35 2 58 78 19 60 40 93 89 74 50 74 12 22 51 79 32 57 52 29 65 83 11 64 72 35 87 14 49 35 85 59 19 56 44 96 68 59 28 62 47 98 35 20 16 90 55 98 25 58 53 47 60 80 26 31 41 68 5 23 5 56 14 28 49 78 39 92 71 8
18 3
53 25 89 61 2 84 68 78 46 29 66 12 23 91 80 58 1 75
100 3
71 47 69 80 20 98 68 50 56 29 98 83 41 32 70 71 44 38 13 94 84 90 29 41 82 86 65 77 92 80 64 47 38 11 35 32 3 80 35 98 30 8 74 45 75 92 83 11 71 73 20 25 95 95 35 7 55 75 41 27 26 25 1 30 32 15 33 77 63 86 49 50 2 74 8 58 79 14 59 44 92 17 95 70 77 35 50 45 34 76 89 50 28 46 44 86 82 53 19 62
100 3
82 52 97 43 46 47 82 88 12 68 43 91 85 71 13 73 1 5 46 70 4 44 53 70 25 4 79 49 45 98 98 65 7 68 64 83 37 86 17 82 80 22 28 16 88 58 36 35 28 19 92 28 55 54 37 68 56 16 61 86 54 25 29 92 73 26 88 38 28 71 77 35 97 82 70 79 82 5 64 10 92 85 7 13 13 28 53 49 34 73 79 19 82 22 70 94 13 49 70 19
100 3
5 83 96 41 88 89 2 73 98 47 22 22 95 30 16 7 53 84 68 58 98 52 75 4 35 80 40 44 64 39 94 88 33 9 49 7 7 37 55 88 61 5 2 82 90 32 52 8 85 54 65 61 49 37 79 98 46 38 43 93 91 46 92 97 57 31 96 49 7 88 31 25 73 70 46 26 22 31 80 91 66 25 94 59 1 70 23 52 37 79 48 80 54 2 38 89 97 96 43 7
100 3
11 83 91 98 22 35 62 85 50 46 71 29 50 71 16 9 83 97 92 50 18 13 86 77 16 14 79 68 11 63 26 16 32 95 9 53 14 67 26 77 60 41 77 4 50 20 11 8 76 29 2 39 7 92 71 20 53 70 23 38 98 55 94 77 87 77 62 92 20 80 98 80 88 86 65 84 53 8 4 77 68 95 59 92 80 65 62 83 62 11 50 14 81 94 73 65 32 92 91 41
1 3
5
100 3
16 19 95 52 19 58 67 32 64 55 24 26 43 74 91 25 37 49 64 67 19 55 1 1 3 37 64 41 22 47 70 91 71 56 8 42 55 70 15 61 4 71 37 31 4 10 94 80 81 10 82 83 57 92 70 31 34 74 7 95 7 55 31 40 34 1 36 44 62 88 23 56 23 7 77 46 97 79 82 11 40 23 17 51 62 61 37 98 35 92 58 61 5 28 34 49 43 37 83 44
24 3
25 95 22 77 95 11 22 89 94 17 8 45 30 14 36 62 35 50 9 35 74 73 84 8
19 3
88 80 31 52 31 32 55 53 71 86 58 64 16 11 79 16 40 65 29
100 3
30 71 76 93 29 25 26 7 22 79 76 37 13 74 19 72 89 97 39 57 70 56 22 32 52 46 13 55 44 17 29 38 25 90 73 19 67 74 49 92 29 67 25 73 32 46 81 8 16 85 2 92 65 4 88 58 13 5 31 91 84 19 39 44 47 54 7 46 51 86 89 19 70 31 61 46 43 4 71 41 13 61 49 31 60 47 26 98 28 55 22 37 49 13 46 79 70 13 94 64
100 3
23 80 64 26 23 47 14 14 78 62 16 86 79 10 89 23 65 30 15 3 20 88 95 77 71 44 71 29 22 32 86 8 52 8 29 77 59 95 1 10 57 37 58 43 84 65 35 56 44 88 22 71 55 37 24 70 91 29 47 97 40 83 83 75 53 44 77 40 11 50 26 28 36 97 2 26 84 89 3 56 68 22 29 35 73 56 52 82 11 26 44 54 38 22 15 11 7 46 80 14
100 3
23 56 2 35 11 74 41 31 22 2 29 95 62 77 53 6 76 20 44 98 28 31 89 29 95 50 37 89 26 35 74 37 89 71 48 89 37 68 4 20 5 19 38 29 40 17 10 53 59 53 76 74 38 23 59 32 35 37 71 5 43 26 47 77 6 62 97 7 20 83 26 88 82 58 85 80 22 98 76 28 35 31 93 3 49 1 32 23 68 23 44 22 23 63 98 70 4 40 34 86
100 3
75 4 41 68 22 8 80 18 95 55 30 40 83 67 94 7 4 49 94 4 20 50 16 64 26 95 35 20 77 91 79 10 61 2 52 67 13 78 26 22 1 85 98 19 16 5 2 31 37 1 85 73 37 91 20 58 22 40 89 23 76 64 76 76 55 86 86 64 85 43 51 49 92 13 49 97 40 39 79 79 94 55 42 7 92 45 21 43 63 98 2 28 27 20 91 95 13 58 85 32
13 3
38 98 94 77 20 97 4 85 8 43 4 36 95
100 3
35 34 68 73 19 67 25 58 19 67 58 13 64 14 44 21 5 37 64 7 88 7 76 80 51 49 94 43 27 39 89 20 74 73 11 31 33 84 83 70 70 41 16 37 31 71 60 55 76 68 81 69 28 62 31 86 15 79 34 80 75 83 21 7 86 13 70 17 82 64 48 89 34 37 61 91 23 56 5 77 61 88 37 70 34 66 85 94 13 92 31 64 1 46 82 13 58 78 19 31
2 3
71 77
100 3
53 62 27 62 27 17 22 14 70 56 95 74 79 80 23 13 56 11 89 92 92 29 35 23 2 85 55 11 51 70 83 94 35 10 26 95 74 62 79 48 89 98 11 63 94 92 20 95 45 35 7 92 29 26 68 70 91 76 52 80 74 32 44 35 77 89 35 93 38 46 23 45 82 76 8 92 26 17 97 74 32 65 11 62 56 52 79 14 70 77 62 38 8 13 68 2 82 62 97 68
100 3
23 55 76 74 14 86 95 34 35 23 75 50 62 77 61 95 2 74 98 67 53 2 53 7 80 23 80 11 50 50 87 70 6 70 76 75 47 20 71 19 23 5 40 55 62 20 5 1 27 11 32 41 92 59 83 10 86 47 82 41 74 43 32 7 30 69 73 50 65 17 71 41 16 56 74 17 92 6 32 89 65 37 17 95 86 59 59 2 79 35 68 97 86 8 41 29 47 20 5 2
100 3
91 35 11 62 73 43 26 19 71 73 4 25 19 1 64 22 8 38 52 19 40 4 91 16 91 49 16 41 71 40 86 16 40 13 86 71 53 90 72 60 27 41 1 35 74 13 53 82 73 20 26 49 38 40 52 79 19 85 52 70 82 74 38 19 19 76 4 30 85 62 58 10 16 19 80 77 7 44 12 37 69 79 82 16 39 85 67 61 46 50 48 97 16 37 58 57 79 64 4 74
100 3
41 53 8 52 4 14 34 63 13 79 6 89 14 44 79 91 74 53 64 62 86 40 11 41 98 26 52 38 61 70 47 23 2 27 50 80 1 5 80 95 40 66 77 17 70 42 44 41 17 77 5 44 23 71 46 8 65 98 97 8 59 31 16 59 80 62 85 64 20 37 2 18 83 65 47 34 95 16 83 41 22 79 94 26 26 82 5 49 17 5 8 42 86 19 98 5 32 38 57 19
100 3
70 24 90 85 58 46 34 14 19 76 55 39 46 36 95 67 74 58 68 95 25 80 31 49 8 58 22 19 97 25 80 61 94 62 34 70 82 17 40 76 64 10 2 79 47 31 97 55 32 31 22 46 31 17 82 31 10 16 18 56 30 46 96 92 82 78 4 43 73 58 72 2 34 98 73 14 53 58 76 76 46 74 43 33 31 31 28 34 10 55 34 21 64 35 98 22 73 70 12 2
1 2
12
100 3
63 11 92 88 92 85 38 49 7 65 17 59 43 86 71 62 16 22 5 95 71 2 62 35 14 29 47 50 46 67 56 35 53 40 12 66 50 35 88 86 84 20 14 11 14 42 32 7 50 65 85 7 89 59 26 8 27 40 98 20 29 25 95 98 5 56 80 52 47 59 27 92 11 8 44 58 95 36 41 50 94 26 90 81 8 73 8 33 70 95 47 71 28 95 94 24 38 35 14 31
100 3
55 46 12 41 14 40 89 22 29 29 8 80 23 17 80 23 56 89 98 2 59 20 67 33 56 89 83 47 64 96 94 91 24 94 47 3 22 65 61 95 25 29 40 80 46 88 67 23 33 53 62 29 53 59 65 70 86 48 37 89 38 65 44 92 11 22 92 74 97 9 94 23 68 41 43 98 20 20 89 64 8 67 24 17 17 59 20 13 8 67 77 77 77 89 49 14 14 4 26 98
16 2
21 54 22 82 17 5 79 78 38 20 7 33 80 38 58 12
100 3
4 95 39 28 15 95 43 79 29 56 95 80 13 91 56 91 59 83 65 78 68 82 88 65 82 71 50 68 74 22 19 22 74 73 77 65 13 16 98 93 26 59 68 88 74 20 52 44 62 65 29 86 62 11 10 94 28 5 85 27 23 92 20 53 34 38 92 93 38 53 8 53 34 68 83 16 76 70 17 12 77 2 44 32 1 88 26 69 68 23 40 20 98 60 40 64 43 71 4 14
2 2
25 25
100 2
39 20 90 29 20 84 7 27 32 14 90 11 36 93 65 31 64 35 36 74 65 64 65 44 31 23 45 61 47 32 18 89 75 54 76 16 73 68 50 74 63 43 33 88 52 25 88 66 92 64 78 93 62 57 60 42 76 32 55 23 66 76 72 9 96 6 30 7 21 79 3 81 40 13 11 2 50 3 1 87 1 67 99 22 33 24 90 97 23 3 5 67 90 60 47 10 68 61 17 76
100 3
3 41 74 76 7 83 35 80 17 16 63 41 86 40 84 1 53 8 53 61 59 46 23 24 85 21 86 73 47 22 21 20 12 50 39 98 35 26 73 2 17 1 20 59 20 41 71 72 56 61 56 46 70 29 62 59 46 84 8 25 95 84 65 68 59 11 98 11 74 32 11 8 77 91 94 37 51 83 95 92 75 98 23 89 18 55 68 14 38 8 5 19 15 86 44 86 17 17 2 50
100 3
62 14 63 82 82 12 32 26 28 96 85 62 47 87 48 71 67 2 62 4 74 86 7 58 29 28 77 50 76 41 89 65 86 56 59 80 32 3 35 63 55 98 5 98 6 41 52 44 57 62 67 36 95 86 1 41 2 62 95 29 41 44 77 62 91 96 83 70 91 25 35 95 71 58 86 94 55 43 50 59 41 23 41 11 5 47 92 76 80 80 47 86 74 95 10 2 8 16 2 5
100 3
48 16 47 33 47 59 17 81 89 79 14 86 98 62 26 7 89 17 80 8 1 95 14 47 47 86 5 4 74 50 20 56 32 14 35 65 77 74 66 26 92 77 41 8 66 23 8 32 95 26 89 26 38 71 64 68 4 56 94 74 63 23 20 71 38 25 98 13 71 7 89 44 65 48 67 66 35 10 44 35 44 84 20 23 83 34 86 36 91 26 77 35 62 44 65 82 41 92 73 85
100 3
68 38 38 18 49 20 39 40 77 10 13 82 79 25 19 53 91 9 15 38 10 20 10 7 90 33 77 69 89 79 78 38 95 7 84 89 19 81 36 75 94 92 86 48 60 94 9 28 52 71 14 33 62 20 91 22 46 17 93 70 88 37 90 18 8 88 86 27 63 88 98 19 95 41 51 51 33 83 13 75 8 83 9 86 73 36 29 92 4 21 75 38 97 27 48 96 82 75 92 26
100 3
13 53 82 2 72 20 50 89 46 19 80 11 83 34 46 30 91 2 3 84 77 86 62 16 97 33 69 62 56 50 77 97 31 2 11 41 23 98 67 83 56 94 89 88 56 5 5 52 94 59 53 19 61 53 17 27 53 69 11 83 98 58 50 23 53 20 20 25 20 16 46 47 17 74 17 72 75 62 74 73 20 2 50 88 94 4 62 80 40 86 35 10 74 37 75 59 88 86 28 32
100 3
97 64 97 36 76 15 64 59 37 22 94 61 60 38 87 46 50 21 49 28 72 41 87 11 53 91 88 71 44 28 26 58 50 18 69 67 86 92 78 73 43 45 33 67 92 31 14 97 92 22 27 74 34 31 53 73 25 49 26 74 71 1 32 44 95 19 1 36 92 44 47 76 37 20 32 13 13 13 54 20 94 92 2 40 10 56 94 31 62 83 26 36 32 30 31 58 26 89 80 42
100 3
75 26 11 5 53 7 14 41 19 44 46 76 47 64 2 58 98 77 2 10 14 7 47 32 82 25 8 6 59 95 89 62 90 2 5 98 89 26 32 77 83 47 7 21 86 59 21 95 35 68 16 23 53 37 95 68 97 86 71 23 11 87 56 89 55 91 2 97 92 22 95 83 28 31 65 1 96 77 97 44 56 38 17 12 10 20 65 80 7 43 91 50 62 72 47 50 17 32 32 8
100 3
53 74 26 28 91 79 85 75 77 57 76 61 47 33 10 8 52 10 88 13 68 43 88 28 40 76 82 94 33 61 91 91 11 92 89 73 58 71 52 29 6 67 37 97 58 70 54 29 49 94 25 34 59 88 7 50 64 72 16 15 76 73 61 61 46 43 88 17 1 14 48 7 4 41 19 35 24 55 94 16 79 19 97 64 5 48 82 40 88 62 5 94 25 91 94 1 21 25 61 67
24 3
31 17 85 17 95 80 47 2 43 49 56 50 7 47 14 61 25 89 77 50 83 63 80 92
19 3
64 72 1 37 70 26 38 3 16 77 23 57 21 92 59 40 53 69 10
100 3
1 86 11 84 77 95 55 21 91 59 41 19 11 77 60 19 26 32 71 7 74 68 69 96 14 32 36 14 3 1 51 50 17 62 59 68 27 98 8 36 23 54 71 53 37 64 29 83 18 35 50 25 53 31 87 91 2 98 90 43 20 4 13 35 74 59 20 47 74 59 89 54 92 19 29 83 10 38 78 90 71 65 89 92 41 12 23 56 53 32 20 95 80 53 12 68 73 14 83 50
100 3
64 79 22 29 13 94 93 76 20 8 9 69 77 74 53 88 59 67 14 80 4 97 62 80 82 44 92 58 41 96 10 98 98 64 41 73 29 83 59 59 65 32 18 38 5 5 78 25 67 8 5 8 55 59 32 77 86 47 7 1 49 8 38 64 22 20 61 71 31 92 82 47 71 89 71 76 33 34 69 53 80 7 97 59 8 45 46 49 52 13 41 82 71 94 59 10 14 5 40 79
100 3
25 80 62 12 65 22 56 51 23 60 33 98 53 28 91 11 47 65 31 93 97 80 80 14 56 58 59 74 89 58 11 34 59 86 41 22 67 34 66 68 47 56 29 2 56 86 52 97 63 26 14 94 29 82 50 73 28 34 2 19 91 62 67 62 46 4 86 86 65 35 18 25 41 43 9 7 76 31 2 70 80 14 53 97 58 5 95 62 29 17 17 38 65 33 44 23 10 17 29 86
12 3
64 28 47 97 53 55 97 56 50 61 35 98
100 3
91 80 85 89 71 59 2 35 43 14 86 53 58 23 17 53 98 39 8 86 63 52 8 56 83 25 62 97 94 14 41 25 49 23 76 2 2 77 48 15 50 59 44 47 89 86 82 58 98 92 47 71 44 5 3 85 76 62 92 76 94 76 93 53 95 76 12 85 26 23 2 56 12 53 77 37 35 32 58 98 86 68 68 31 73 26 28 28 31 38 23 83 46 63 22 97 14 7 8 34
100 3
65 44 64 65 59 19 73 53 8 2 95 80 71 16 20 65 3 93 92 41 55 8 50 53 98 29 75 95 15 68 48 16 8 30 64 55 26 20 65 11 97 65 96 73 79 49 77 16 20 29 64 37 76 64 29 47 52 43 92 40 87 62 28 47 53 41 71 1 48 40 34 77 23 67 11 43 13 56 12 64 96 2 24 11 62 20 14 14 70 65 71 53 27 23 19 59 68 46 17 80
100 3
57 27 60 16 89 76 18 54 28 95 5 72 55 29 42 82 74 98 20 30 37 97 59 91 16 80 86 92 47 68 49 22 17 68 40 96 22 62 61 14 73 61 70 47 71 26 45 94 61 65 87 3 4 10 42 54 49 37 74 1 17 31 23 57 16 70 39 16 70 26 85 83 78 67 91 10 4 58 68 70 97 98 15 46 43 16 13 47 89 79 89 94 88 73 41 10 90 45 91 64
100 3
20 14 83 76 82 26 71 79 44 32 56 98 73 57 83 8 13 8 53 11 73 26 71 50 35 83 5 23 71 65 32 34 95 26 53 89 70 2 89 61 20 48 5 25 98 81 86 88 94 71 11 65 38 80 17 38 8 62 58 59 28 30 38 41 58 53 35 38 74 83 59 34 11 21 57 46 13 1 83 22 52 68 50 3 10 20 17 53 62 3 19 65 8 33 53 48 53 20 80 67
100 3
38 76 12 3 23 71 53 96 98 97 32 89 67 68 76 19 57 31 36 11 62 43 16 74 41 70 60 9 95 1 70 29 19 80 75 89 38 41 83 29 64 75 52 58 5 1 98 65 15 10 83 50 83 45 44 64 24 29 85 52 16 17 74 20 40 10 86 6 68 74 88 95 86 18 23 46 18 53 43 55 80 17 34 5 86 46 52 11 2 17 98 96 65 77 32 68 5 92 35 43
100 3
28 22 34 41 85 98 36 9 11 22 79 55 68 16 16 14 53 70 19 79 80 66 67 44 13 23 51 64 98 49 31 28 64 82 71 28 55 64 19 97 32 11 25 82 8 7 59 28 22 26 91 25 22 17 74 46 44 64 34 85 68 7 83 98 97 58 65 94 28 94 91 40 34 7 88 80 4 2 96 73 97 19 67 36 40 58 25 25 52 22 81 34 67 40 91 31 7 38 7 35
100 3
8 2 68 4 26 50 56 68 81 53 82 69 38 76 43 81 54 25 46 68 11 95 65 66 2 14 92 76 55 92 19 80 67 11 72 23 17 91 53 81 50 5 71 56 40 20 20 41 14 5 56 50 29 84 14 31 67 4 61 29 38 48 77 2 79 40 94 43 83 65 95 68 17 8 60 18 71 64 89 65 61 26 50 59 62 5 11 38 47 86 88 74 62 95 60 38 43 4 61 38
2 3
37 19
100 3
31 28 98 85 58 53 53 59 1 1 52 53 16 43 59 77 74 98 91 9 10 23 86 49 34 97 71 35 37 73 72 73 79 47 45 40 41 86 71 43 16 89 53 73 43 29 65 34 87 13 76 67 56 64 83 91 13 1 17 8 26 93 61 46 24 40 25 28 94 55 55 58 10 94 79 76 93 98 34 49 25 48 94 41 88 77 14 1 26 59 11 28 37 4 7 64 68 46 28 82
20 3
29 17 11 62 86 22 65 46 65 13 29 95 20 47 83 83 23 70 76 23
100 3
61 85 7 10 23 10 58 7 38 79 35 5 94 40 17 16 64 41 98 41 60 81 30 73 7 88 88 55 59 59 87 22 55 44 66 92 30 64 22 32 37 73 16 13 76 91 16 44 6 70 29 96 90 65 14 46 5 61 72 32 7 69 10 22 8 22 95 52 23 19 61 94 2 11 25 58 32 14 2 89 49 8 46 94 21 55 4 76 40 46 8 95 68 74 95 58 85 70 31 97
1 3
6
100 3
42 79 43 43 91 80 76 53 50 66 8 78 85 53 46 19 61 85 88 41 88 82 44 46 85 97 81 4 98 16 13 1 61 4 54 52 7 35 85 85 83 82 40 67 74 44 63 78 1 13 61 37 76 98 89 95 21 6 83 76 35 70 44 68 68 63 5 61 19 53 97 16 41 39 75 80 6 88 38 34 50 49 23 61 61 20 43 60 76 43 52 31 97 28 16 70 28 82 49 19
100 3
98 89 13 34 34 4 71 92 22 32 7 18 82 23 48 5 85 92 34 23 86 53 83 74 2 73 53 92 1 86 65 64 5 56 65 91 62 70 80 10 10 67 14 77 8 35 22 50 8 30 60 91 88 50 88 92 17 25 28 23 21 50 81 85 85 12 25 26 11 14 17 41 70 59 92 21 52 94 27 2 64 32 35 33 55 46 29 70 98 17 26 73 50 64 11 53 64 69 51 74
100 3
10 49 28 52 20 81 10 64 50 7 36 49 29 31 66 23 22 55 13 32 22 79 92 79 50 68 39 74 88 59 56 70 15 62 28 95 43 19 61 20 91 45 44 88 73 33 25 79 85 23 91 64 31 76 61 1 88 76 34 77 25 83 1 39 13 13 97 46 10 29 43 40 16 24 82 52 62 88 32 55 80 17 49 89 68 70 69 31 28 95 16 10 16 97 88 37 55 22 54 61
23 3
38 23 83 40 59 76 7 41 44 89 26 23 56 89 53 26 86 74 82 91 40 62 12
100 3
74 35 10 28 43 49 25 40 26 53 49 89 51 97 26 17 57 31 19 23 60 47 71 1 79 5 55 82 67 87 49 58 5 86 85 93 43 50 31 56 28 56 31 68 71 94 79 76 89 61 10 43 55 7 67 72 91 94 77 28 4 70 88 67 69 80 37 8 16 67 10 34 25 15 49 15 55 87 59 7 80 88 47 89 13 38 52 19 59 61 61 23 67 69 10 88 46 79 1 31
100 3
1 58 56 25 50 43 29 62 19 34 77 67 61 34 43 31 19 91 76 55 83 16 52 28 79 91 26 29 76 65 40 55 61 62 52 88 53 81 59 85 65 39 67 32 68 80 83 5 16 4 61 28 55 79 73 46 55 67 79 41 11 34 76 64 70 51 73 5 11 64 61 46 71 65 98 91 70 96 37 73 43 6 73 35 46 32 37 85 5 17 70 79 14 63 91 55 3 79 88 76
100 3
11 80 2 17 2 53 8 14 8 29 22 53 19 1 8 66 62 53 26 53 89 26 74 4 61 43 20 38 32 20 63 58 94 41 37 88 44 68 83 56 41 9 55 2 2 8 83 85 47 40 19 21 89 62 58 7 65 26 65 65 17 27 50 93 19 20 80 49 68 2 36 71 88 88 16 13 48 84 3 79 47 74 11 28 8 74 26 74 16 8 86 25 53 73 2 56 15 89 91 74
1 2
49
100 3
21 82 7 71 73 88 64 48 85 34 64 52 83 70 6 49 26 92 47 80 10 76 36 52 74 65 73 98 28 20 25 59 50 88 67 41 95 92 9 85 43 7 71 73 73 37 65 20 19 40 63 67 40 40 97 11 14 24 97 77 34 62 82 7 56 59 22 40 37 85 10 11 22 61 88 26 94 86 88 75 25 52 88 94 49 89 34 19 36 43 82 88 67 13 90 44 92 82 41 37
