2000
1.0
1.00041462819
1.00082925638
1.00124388457
1.00165851276
1.00207314095
1.00248776914
1.00290239733
1.00331702552
1.00373165372
1.00414628191
1.0045609101
1.00497553829
1.00539016648
1.00580479467
1.00621942286
1.00663405105
1.00704867924
1.00746330743
1.00787793562
1.00829256381
1.008707192
1.00912182019
1.00953644838
1.00995107657
1.01036570476
1.01078033295
1.01119496115
1.01160958934
1.01202421753
1.01243884572
1.01285347391
1.0132681021
1.01368273029
1.01409735848
1.01451198667
1.01492661486
1.01534124305
1.01575587124
1.01617049943
1.01658512762
1.01699975581
1.017414384
1.01782901219
1.01824364038
1.01865826858
1.01907289677
1.01948752496
1.01990215315
1.02031678134
1.02073140953
1.02114603772
1.02156066591
1.0219752941
1.02238992229
1.02280455048
1.02321917867
1.02363380686
1.02404843505
1.02446306324
1.02487769143
1.02529231962
1.02570694781
1.02612157601
1.0265362042
1.02695083239
1.02736546058
1.02778008877
1.02819471696
1.02860934515
1.02902397334
1.02943860153
1.02985322972
1.03026785791
1.0306824861
1.03109711429
1.03151174248
1.03192637067
1.03234099886
1.03275562705
1.03317025524
1.03358488344
1.03399951163
1.03441413982
1.03482876801
1.0352433962
1.03565802439
1.03607265258
1.03648728077
1.03690190896
1.03731653715
1.03773116534
1.03814579353
1.03856042172
1.03897504991
1.0393896781
1.03980430629
1.04021893448
1.04063356267
1.04104819087
1.04146281906
1.04187744725
1.04229207544
1.04270670363
1.04312133182
1.04353596001
1.0439505882
1.04436521639
1.04477984458
1.04519447277
1.04560910096
1.04602372915
1.04643835734
1.04685298553
1.04726761372
1.04768224191
1.04809687011
1.0485114983
1.04892612649
1.04934075468
1.04975538287
1.05017001106
1.05058463925
1.05099926744
1.05141389563
1.05182852382
1.05224315201
1.0526577802
1.05307240839
1.05348703658
1.05390166477
1.05431629296
1.05473092115
1.05514554934
1.05556017754
1.05597480573
1.05638943392
1.05680406211
1.0572186903
1.05763331849
1.05804794668
1.05846257487
1.05887720306
1.05929183125
1.05970645944
1.06012108763
1.06053571582
1.06095034401
1.0613649722
1.06177960039
1.06219422858
1.06260885677
1.06302348497
1.06343811316
1.06385274135
1.06426736954
1.06468199773
1.06509662592
1.06551125411
1.0659258823
1.06634051049
1.06675513868
1.06716976687
1.06758439506
1.06799902325
1.06841365144
1.06882827963
1.06924290782
1.06965753601
1.0700721642
1.0704867924
1.07090142059
1.07131604878
1.07173067697
1.07214530516
1.07255993335
1.07297456154
1.07338918973
1.07380381792
1.07421844611
1.0746330743
1.07504770249
1.07546233068
1.07587695887
1.07629158706
1.07670621525
1.07712084344
1.07753547163
1.07795009983
1.07836472802
1.07877935621
1.0791939844
1.07960861259
1.08002324078
1.08043786897
1.08085249716
1.08126712535
1.08168175354
1.08209638173
1.08251100992
1.08292563811
1.0833402663
1.08375489449
1.08416952268
1.08458415087
1.08499877906
1.08541340726
1.08582803545
1.08624266364
1.08665729183
1.08707192002
1.08748654821
1.0879011764
1.08831580459
1.08873043278
1.08914506097
1.08955968916
1.08997431735
1.09038894554
1.09080357373
1.09121820192
1.09163283011
1.0920474583
1.0924620865
1.09287671469
1.09329134288
1.09370597107
1.09412059926
1.09453522745
1.09494985564
1.09536448383
1.09577911202
1.09619374021
1.0966083684
1.09702299659
1.09743762478
1.09785225297
1.09826688116
1.09868150935
1.09909613754
1.09951076573
1.09992539393
1.10034002212
1.10075465031
1.1011692785
1.10158390669
1.10199853488
1.10241316307
1.10282779126
1.10324241945
1.10365704764
1.10407167583
1.10448630402
1.10490093221
1.1053155604
1.10573018859
1.10614481678
1.10655944497
1.10697407316
1.10738870136
1.10780332955
1.10821795774
1.10863258593
1.10904721412
1.10946184231
1.1098764705
1.11029109869
1.11070572688
1.11112035507
1.11153498326
1.11194961145
1.11236423964
1.11277886783
1.11319349602
1.11360812421
1.1140227524
1.11443738059
1.11485200879
1.11526663698
1.11568126517
1.11609589336
1.11651052155
1.11692514974
1.11733977793
1.11775440612
1.11816903431
1.1185836625
1.11899829069
1.11941291888
1.11982754707
1.12024217526
1.12065680345
1.12107143164
1.12148605983
1.12190068802
1.12231531622
1.12272994441
1.1231445726
1.12355920079
1.12397382898
1.12438845717
1.12480308536
1.12521771355
1.12563234174
1.12604696993
1.12646159812
1.12687622631
1.1272908545
1.12770548269
1.12812011088
1.12853473907
1.12894936726
1.12936399545
1.12977862365
1.13019325184
1.13060788003
1.13102250822
1.13143713641
1.1318517646
1.13226639279
1.13268102098
1.13309564917
1.13351027736
1.13392490555
1.13433953374
1.13475416193
1.13516879012
1.13558341831
1.1359980465
1.13641267469
1.13682730288
1.13724193108
1.13765655927
1.13807118746
1.13848581565
1.13890044384
1.13931507203
1.13972970022
1.14014432841
1.1405589566
1.14097358479
1.14138821298
1.14180284117
1.14221746936
1.14263209755
1.14304672574
1.14346135393
1.14387598212
1.14429061032
1.14470523851
1.1451198667
1.14553449489
1.14594912308
1.14636375127
1.14677837946
1.14719300765
1.14760763584
1.14802226403
1.14843689222
1.14885152041
1.1492661486
1.14968077679
1.15009540498
1.15051003317
1.15092466136
1.15133928955
1.15175391775
1.15216854594
1.15258317413
1.15299780232
1.15341243051
1.1538270587
1.15424168689
1.15465631508
1.15507094327
1.15548557146
1.15590019965
1.15631482784
1.15672945603
1.15714408422
1.15755871241
1.1579733406
1.15838796879
1.15880259698
1.15921722518
1.15963185337
1.16004648156
1.16046110975
1.16087573794
1.16129036613
1.16170499432
1.16211962251
1.1625342507
1.16294887889
1.16336350708
1.16377813527
1.16419276346
1.16460739165
1.16502201984
1.16543664803
1.16585127622
1.16626590441
1.16668053261
1.1670951608
1.16750978899
1.16792441718
1.16833904537
1.16875367356
1.16916830175
1.16958292994
1.16999755813
1.17041218632
1.17082681451
1.1712414427
1.17165607089
1.17207069908
1.17248532727
1.17289995546
1.17331458365
1.17372921184
1.17414384004
1.17455846823
1.17497309642
1.17538772461
1.1758023528
1.17621698099
1.17663160918
1.17704623737
1.17746086556
1.17787549375
1.17829012194
1.17870475013
1.17911937832
1.17953400651
1.1799486347
1.18036326289
1.18077789108
1.18119251927
1.18160714747
1.18202177566
1.18243640385
1.18285103204
1.18326566023
1.18368028842
1.18409491661
1.1845095448
1.18492417299
1.18533880118
1.18575342937
1.18616805756
1.18658268575
1.18699731394
1.18741194213
1.18782657032
1.18824119851
1.18865582671
1.1890704549
1.18948508309
1.18989971128
1.19031433947
1.19072896766
1.19114359585
1.19155822404
1.19197285223
1.19238748042
1.19280210861
1.1932167368
1.19363136499
1.19404599318
1.19446062137
1.19487524956
1.19528987775
1.19570450594
1.19611913414
1.19653376233
1.19694839052
1.19736301871
1.1977776469
1.19819227509
1.19860690328
1.19902153147
1.19943615966
1.19985078785
1.20026541604
1.20068004423
1.20109467242
1.20150930061
1.2019239288
1.20233855699
1.20275318518
1.20316781337
1.20358244157
1.20399706976
1.20441169795
1.20482632614
1.20524095433
1.20565558252
1.20607021071
1.2064848389
1.20689946709
1.20731409528
1.20772872347
1.20814335166
1.20855797985
1.20897260804
1.20938723623
1.20980186442
1.21021649261
1.2106311208
1.211045749
1.21146037719
1.21187500538
1.21228963357
1.21270426176
1.21311888995
1.21353351814
1.21394814633
1.21436277452
1.21477740271
1.2151920309
1.21560665909
1.21602128728
1.21643591547
1.21685054366
1.21726517185
1.21767980004
1.21809442823
1.21850905643
1.21892368462
1.21933831281
1.219752941
1.22016756919
1.22058219738
1.22099682557
1.22141145376
1.22182608195
1.22224071014
1.22265533833
1.22306996652
1.22348459471
1.2238992229
1.22431385109
1.22472847928
1.22514310747
1.22555773566
1.22597236386
1.22638699205
1.22680162024
1.22721624843
1.22763087662
1.22804550481
1.228460133
1.22887476119
1.22928938938
1.22970401757
1.23011864576
1.23053327395
1.23094790214
1.23136253033
1.23177715852
1.23219178671
1.2326064149
1.2330210431
1.23343567129
1.23385029948
1.23426492767
1.23467955586
1.23509418405
1.23550881224
1.23592344043
1.23633806862
1.23675269681
1.237167325
1.23758195319
1.23799658138
1.23841120957
1.23882583776
1.23924046595
1.23965509414
1.24006972233
1.24048435053
1.24089897872
1.24131360691
1.2417282351
1.24214286329
1.24255749148
1.24297211967
1.24338674786
1.24380137605
1.24421600424
1.24463063243
1.24504526062
1.24545988881
1.245874517
1.24628914519
1.24670377338
1.24711840157
1.24753302976
1.24794765796
1.24836228615
1.24877691434
1.24919154253
1.24960617072
1.25002079891
1.2504354271
1.25085005529
1.25126468348
1.25167931167
1.25209393986
1.25250856805
1.25292319624
1.25333782443
1.25375245262
1.25416708081
1.254581709
1.25499633719
1.25541096539
1.25582559358
1.25624022177
1.25665484996
1.25706947815
1.25748410634
1.25789873453
1.25831336272
1.25872799091
1.2591426191
1.25955724729
1.25997187548
1.26038650367
1.26080113186
1.26121576005
1.26163038824
1.26204501643
1.26245964462
1.26287427282
1.26328890101
1.2637035292
1.26411815739
1.26453278558
1.26494741377
1.26536204196
1.26577667015
1.26619129834
1.26660592653
1.26702055472
1.26743518291
1.2678498111
1.26826443929
1.26867906748
1.26909369567
1.26950832386
1.26992295205
1.27033758025
1.27075220844
1.27116683663
1.27158146482
1.27199609301
1.2724107212
1.27282534939
1.27323997758
1.27365460577
1.27406923396
1.27448386215
1.27489849034
1.27531311853
1.27572774672
1.27614237491
1.2765570031
1.27697163129
1.27738625949
1.27780088768
1.27821551587
1.27863014406
1.27904477225
1.27945940044
1.27987402863
1.28028865682
1.28070328501
1.2811179132
1.28153254139
1.28194716958
1.28236179777
1.28277642596
1.28319105415
1.28360568234
1.28402031053
1.28443493872
1.28484956692
1.28526419511
1.2856788233
1.28609345149
1.28650807968
1.28692270787
1.28733733606
1.28775196425
1.28816659244
1.28858122063
1.28899584882
1.28941047701
1.2898251052
1.29023973339
1.29065436158
1.29106898977
1.29148361796
1.29189824615
1.29231287435
1.29272750254
1.29314213073
1.29355675892
1.29397138711
1.2943860153
1.29480064349
1.29521527168
1.29562989987
1.29604452806
1.29645915625
1.29687378444
1.29728841263
1.29770304082
1.29811766901
1.2985322972
1.29894692539
1.29936155358
1.29977618178
1.30019080997
1.30060543816
1.30102006635
1.30143469454
1.30184932273
1.30226395092
1.30267857911
1.3030932073
1.30350783549
1.30392246368
1.30433709187
1.30475172006
1.30516634825
1.30558097644
1.30599560463
1.30641023282
1.30682486101
1.30723948921
1.3076541174
1.30806874559
1.30848337378
1.30889800197
1.30931263016
1.30972725835
1.31014188654
1.31055651473
1.31097114292
1.31138577111
1.3118003993
1.31221502749
1.31262965568
1.31304428387
1.31345891206
1.31387354025
1.31428816844
1.31470279664
1.31511742483
1.31553205302
1.31594668121
1.3163613094
1.31677593759
1.31719056578
1.31760519397
1.31801982216
1.31843445035
1.31884907854
1.31926370673
1.31967833492
1.32009296311
1.3205075913
1.32092221949
1.32133684768
1.32175147587
1.32216610407
1.32258073226
1.32299536045
1.32340998864
1.32382461683
1.32423924502
1.32465387321
1.3250685014
1.32548312959
1.32589775778
1.32631238597
1.32672701416
1.32714164235
1.32755627054
1.32797089873
1.32838552692
1.32880015511
1.32921478331
1.3296294115
1.33004403969
1.33045866788
1.33087329607
1.33128792426
1.33170255245
1.33211718064
1.33253180883
1.33294643702
1.33336106521
1.3337756934
1.33419032159
1.33460494978
1.33501957797
1.33543420616
1.33584883435
1.33626346254
1.33667809074
1.33709271893
1.33750734712
1.33792197531
1.3383366035
1.33875123169
1.33916585988
1.33958048807
1.33999511626
1.34040974445
1.34082437264
1.34123900083
1.34165362902
1.34206825721
1.3424828854
1.34289751359
1.34331214178
1.34372676997
1.34414139817
1.34455602636
1.34497065455
1.34538528274
1.34579991093
1.34621453912
1.34662916731
1.3470437955
1.34745842369
1.34787305188
1.34828768007
1.34870230826
1.34911693645
1.34953156464
1.34994619283
1.35036082102
1.35077544921
1.3511900774
1.3516047056
1.35201933379
1.35243396198
1.35284859017
1.35326321836
1.35367784655
1.35409247474
1.35450710293
1.35492173112
1.35533635931
1.3557509875
1.35616561569
1.35658024388
1.35699487207
1.35740950026
1.35782412845
1.35823875664
1.35865338483
1.35906801303
1.35948264122
1.35989726941
1.3603118976
1.36072652579
1.36114115398
1.36155578217
1.36197041036
1.36238503855
1.36279966674
1.36321429493
1.36362892312
1.36404355131
1.3644581795
1.36487280769
1.36528743588
1.36570206407
1.36611669226
1.36653132046
1.36694594865
1.36736057684
1.36777520503
1.36818983322
1.36860446141
1.3690190896
1.36943371779
1.36984834598
1.37026297417
1.37067760236
1.37109223055
1.37150685874
1.37192148693
1.37233611512
1.37275074331
1.3731653715
1.3735799997
1.37399462789
1.37440925608
1.37482388427
1.37523851246
1.37565314065
1.37606776884
1.37648239703
1.37689702522
1.37731165341
1.3777262816
1.37814090979
1.37855553798
1.37897016617
1.37938479436
1.37979942255
1.38021405074
1.38062867893
1.38104330713
1.38145793532
1.38187256351
1.3822871917
1.38270181989
1.38311644808
1.38353107627
1.38394570446
1.38436033265
1.38477496084
1.38518958903
1.38560421722
1.38601884541
1.3864334736
1.38684810179
1.38726272998
1.38767735817
1.38809198636
1.38850661456
1.38892124275
1.38933587094
1.38975049913
1.39016512732
1.39057975551
1.3909943837
1.39140901189
1.39182364008
1.39223826827
1.39265289646
1.39306752465
1.39348215284
1.39389678103
1.39431140922
1.39472603741
1.3951406656
1.39555529379
1.39596992199
1.39638455018
1.39679917837
1.39721380656
1.39762843475
1.39804306294
1.39845769113
1.39887231932
1.39928694751
1.3997015757
1.40011620389
1.40053083208
1.40094546027
1.40136008846
1.40177471665
1.40218934484
1.40260397303
1.40301860122
1.40343322942
1.40384785761
1.4042624858
1.40467711399
1.40509174218
1.40550637037
1.40592099856
1.40633562675
1.40675025494
1.40716488313
1.40757951132
1.40799413951
1.4084087677
1.40882339589
1.40923802408
1.40965265227
1.41006728046
1.41048190865
1.41089653685
1.41131116504
1.41172579323
1.41214042142
1.41255504961
1.4129696778
1.41338430599
1.41379893418
1.41421356237
1.41421356237
1.41453171696
1.41484987155
1.41516802615
1.41548618074
1.41580433533
1.41612248992
1.41644064452
1.41675879911
1.4170769537
1.41739510829
1.41771326288
1.41803141748
1.41834957207
1.41866772666
1.41898588125
1.41930403585
1.41962219044
1.41994034503
1.42025849962
1.42057665421
1.42089480881
1.4212129634
1.42153111799
1.42184927258
1.42216742718
1.42248558177
1.42280373636
1.42312189095
1.42344004554
1.42375820014
1.42407635473
1.42439450932
1.42471266391
1.42503081851
1.4253489731
1.42566712769
1.42598528228
1.42630343687
1.42662159147
1.42693974606
1.42725790065
1.42757605524
1.42789420984
1.42821236443
1.42853051902
1.42884867361
1.4291668282
1.4294849828
1.42980313739
1.43012129198
1.43043944657
1.43075760117
1.43107575576
1.43139391035
1.43171206494
1.43203021953
1.43234837413
1.43266652872
1.43298468331
1.4333028379
1.4336209925
1.43393914709
1.43425730168
1.43457545627
1.43489361086
1.43521176546
1.43552992005
1.43584807464
1.43616622923
1.43648438383
1.43680253842
1.43712069301
1.4374388476
1.43775700219
1.43807515679
1.43839331138
1.43871146597
1.43902962056
1.43934777516
1.43966592975
1.43998408434
1.44030223893
1.44062039352
1.44093854812
1.44125670271
1.4415748573
1.44189301189
1.44221116649
1.44252932108
1.44284747567
1.44316563026
1.44348378485
1.44380193945
1.44412009404
1.44443824863
1.44475640322
1.44507455782
1.44539271241
1.445710867
1.44602902159
1.44634717618
1.44666533078
1.44698348537
1.44730163996
1.44761979455
1.44793794915
1.44825610374
1.44857425833
1.44889241292
1.44921056751
1.44952872211
1.4498468767
1.45016503129
1.45048318588
1.45080134048
1.45111949507
1.45143764966
1.45175580425
1.45207395884
1.45239211344
1.45271026803
1.45302842262
1.45334657721
1.45366473181
1.4539828864
1.45430104099
1.45461919558
1.45493735017
1.45525550477
1.45557365936
1.45589181395
1.45620996854
1.45652812314
1.45684627773
1.45716443232
1.45748258691
1.4578007415
1.4581188961
1.45843705069
1.45875520528
1.45907335987
1.45939151447
1.45970966906
1.46002782365
1.46034597824
1.46066413283
1.46098228743
1.46130044202
1.46161859661
1.4619367512
1.4622549058
1.46257306039
1.46289121498
1.46320936957
1.46352752416
1.46384567876
1.46416383335
1.46448198794
1.46480014253
1.46511829713
1.46543645172
1.46575460631
1.4660727609
1.46639091549
1.46670907009
1.46702722468
1.46734537927
1.46766353386
1.46798168846
1.46829984305
1.46861799764
1.46893615223
1.46925430682
1.46957246142
1.46989061601
1.4702087706
1.47052692519
1.47084507979
1.47116323438
1.47148138897
1.47179954356
1.47211769815
1.47243585275
1.47275400734
1.47307216193
1.47339031652
1.47370847112
1.47402662571
1.4743447803
1.47466293489
1.47498108948
1.47529924408
1.47561739867
1.47593555326
1.47625370785
1.47657186245
1.47689001704
1.47720817163
1.47752632622
1.47784448081
1.47816263541
1.47848079
1.47879894459
1.47911709918
1.47943525378
1.47975340837
1.48007156296
1.48038971755
1.48070787214
1.48102602674
1.48134418133
1.48166233592
1.48198049051
1.48229864511
1.4826167997
1.48293495429
1.48325310888
1.48357126347
1.48388941807
1.48420757266
1.48452572725
1.48484388184
1.48516203644
1.48548019103
1.48579834562
1.48611650021
1.4864346548
1.4867528094
1.48707096399
1.48738911858
1.48770727317
1.48802542777
1.48834358236
1.48866173695
1.48897989154
1.48929804613
1.48961620073
1.48993435532
1.49025250991
1.4905706645
1.4908888191
1.49120697369
1.49152512828
1.49184328287
1.49216143746
1.49247959206
1.49279774665
1.49311590124
1.49343405583
1.49375221043
1.49407036502
1.49438851961
1.4947066742
1.49502482879
1.49534298339
1.49566113798
1.49597929257
1.49629744716
1.49661560176
1.49693375635
1.49725191094
1.49757006553
1.49788822012
1.49820637472
1.49852452931
1.4988426839
1.49916083849
1.49947899309
1.49979714768
1.50011530227
1.50043345686
1.50075161145
1.50106976605
1.50138792064
1.50170607523
1.50202422982
1.50234238442
1.50266053901
1.5029786936
1.50329684819
1.50361500278
1.50393315738
1.50425131197
1.50456946656
1.50488762115
1.50520577575
1.50552393034
1.50584208493
1.50616023952
1.50647839411
1.50679654871
1.5071147033
1.50743285789
1.50775101248
1.50806916708
1.50838732167
1.50870547626
1.50902363085
1.50934178544
1.50965994004
1.50997809463
1.51029624922
1.51061440381
1.51093255841
1.511250713
1.51156886759
1.51188702218
1.51220517677
1.51252333137
1.51284148596
1.51315964055
1.51347779514
1.51379594974
1.51411410433
1.51443225892
1.51475041351
1.5150685681
1.5153867227
1.51570487729
1.51602303188
1.51634118647
1.51665934107
1.51697749566
1.51729565025
1.51761380484
1.51793195943
1.51825011403
1.51856826862
1.51888642321
1.5192045778
1.5195227324
1.51984088699
1.52015904158
1.52047719617
1.52079535076
1.52111350536
1.52143165995
1.52174981454
1.52206796913
1.52238612373
1.52270427832
1.52302243291
1.5233405875
1.52365874209
1.52397689669
1.52429505128
1.52461320587
1.52493136046
1.52524951506
1.52556766965
1.52588582424
1.52620397883
1.52652213342
1.52684028802
1.52715844261
1.5274765972
1.52779475179
1.52811290639
1.52843106098
1.52874921557
1.52906737016
1.52938552475
1.52970367935
1.53002183394
1.53033998853
1.53065814312
1.53097629772
1.53129445231
1.5316126069
1.53193076149
1.53224891608
1.53256707068
1.53288522527
1.53320337986
1.53352153445
1.53383968905
1.53415784364
1.53447599823
1.53479415282
1.53511230741
1.53543046201
1.5357486166
1.53606677119
1.53638492578
1.53670308038
1.53702123497
1.53733938956
1.53765754415
1.53797569874
1.53829385334
1.53861200793
1.53893016252
1.53924831711
1.53956647171
1.5398846263
1.54020278089
1.54052093548
1.54083909007
1.54115724467
1.54147539926
1.54179355385
1.54211170844
1.54242986304
1.54274801763
1.54306617222
1.54338432681
1.5437024814
1.544020636
1.54433879059
1.54465694518
1.54497509977
1.54529325437
1.54561140896
1.54592956355
1.54624771814
1.54656587273
1.54688402733
1.54720218192
1.54752033651
1.5478384911
1.5481566457
1.54847480029
1.54879295488
1.54911110947
1.54942926406
1.54974741866
1.55006557325
1.55038372784
1.55070188243
1.55102003703
1.55133819162
1.55165634621
1.5519745008
1.55229265539
1.55261080999
1.55292896458
1.55324711917
1.55356527376
1.55388342836
1.55420158295
1.55451973754
1.55483789213
1.55515604672
1.55547420132
1.55579235591
1.5561105105
1.55642866509
1.55674681969
1.55706497428
1.55738312887
1.55770128346
1.55801943805
1.55833759265
1.55865574724
1.55897390183
1.55929205642
1.55961021102
1.55992836561
1.5602465202
1.56056467479
1.56088282938
1.56120098398
1.56151913857
1.56183729316
1.56215544775
1.56247360235
1.56279175694
1.56310991153
1.56342806612
1.56374622071
1.56406437531
1.5643825299
1.56470068449
1.56501883908
1.56533699368
1.56565514827
1.56597330286
1.56629145745
1.56660961204
1.56692776664
1.56724592123
1.56756407582
1.56788223041
1.56820038501
1.5685185396
1.56883669419
1.56915484878
1.56947300337
1.56979115797
1.57010931256
1.57042746715
1.57074562174
1.57106377634
1.57138193093
1.57170008552
1.57201824011
1.5723363947
1.5726545493
1.57297270389
1.57329085848
1.57360901307
1.57392716767
1.57424532226
1.57456347685
1.57488163144
1.57519978603
1.57551794063
1.57583609522
1.57615424981
1.5764724044
1.576790559
1.57710871359
1.57742686818
1.57774502277
1.57806317736
1.57838133196
1.57869948655
1.57901764114
1.57933579573
1.57965395033
1.57997210492
1.58029025951
1.5806084141
1.58092656869
1.58124472329
1.58156287788
1.58188103247
1.58219918706
1.58251734166
1.58283549625
1.58315365084
1.58347180543
1.58378996002
1.58410811462
1.58442626921
1.5847444238
1.58506257839
1.58538073299
1.58569888758
1.58601704217
1.58633519676
1.58665335135
1.58697150595
1.58728966054
1.58760781513
1.58792596972
1.58824412432
1.58856227891
1.5888804335
1.58919858809
1.58951674268
1.58983489728
1.59015305187
1.59047120646
1.59078936105
1.59110751565
1.59142567024
1.59174382483
1.59206197942
1.59238013401
1.59269828861
1.5930164432
1.59333459779
1.59365275238
1.59397090698
1.59428906157
1.59460721616
1.59492537075
1.59524352534
1.59556167994
1.59587983453
1.59619798912
1.59651614371
1.59683429831
1.5971524529
1.59747060749
1.59778876208
1.59810691667
1.59842507127
1.59874322586
1.59906138045
1.59937953504
1.59969768964
1.60001584423
1.60033399882
1.60065215341
1.600970308
1.6012884626
1.60160661719
1.60192477178
1.60224292637
1.60256108097
1.60287923556
1.60319739015
1.60351554474
1.60383369933
1.60415185393
1.60447000852
1.60478816311
1.6051063177
1.6054244723
1.60574262689
1.60606078148
1.60637893607
1.60669709066
1.60701524526
1.60733339985
1.60765155444
1.60796970903
1.60828786363
1.60860601822
1.60892417281
1.6092423274
1.60956048199
1.60987863659
1.61019679118
1.61051494577
1.61083310036
1.61115125496
1.61146940955
1.61178756414
1.61210571873
1.61242387332
1.61274202792
1.61306018251
1.6133783371
1.61369649169
1.61401464629
1.61433280088
1.61465095547
1.61496911006
1.61528726465
1.61560541925
1.61592357384
1.61624172843
1.61655988302
1.61687803762
1.61719619221
1.6175143468
1.61783250139
1.61815065598
1.61846881058
1.61878696517
1.61910511976
1.61942327435
1.61974142895
1.62005958354
1.62037773813
1.62069589272
1.62101404731
1.62133220191
1.6216503565
1.62196851109
1.62228666568
1.62260482028
1.62292297487
1.62324112946
1.62355928405
1.62387743864
1.62419559324
1.62451374783
1.62483190242
1.62515005701
1.62546821161
1.6257863662
1.62610452079
1.62642267538
1.62674082997
1.62705898457
1.62737713916
1.62769529375
1.62801344834
1.62833160294
1.62864975753
1.62896791212
1.62928606671
1.6296042213
1.6299223759
1.63024053049
1.63055868508
1.63087683967
1.63119499427
1.63151314886
1.63183130345
1.63214945804
1.63246761263
1.63278576723
1.63310392182
1.63342207641
1.633740231
1.6340583856
1.63437654019
1.63469469478
1.63501284937
1.63533100396
1.63564915856
1.63596731315
1.63628546774
1.63660362233
1.63692177693
1.63723993152
1.63755808611
1.6378762407
1.63819439529
1.63851254989
1.63883070448
1.63914885907
1.63946701366
1.63978516826
1.64010332285
1.64042147744
1.64073963203
1.64105778662
1.64137594122
1.64169409581
1.6420122504
1.64233040499
1.64264855959
1.64296671418
1.64328486877
1.64360302336
1.64392117795
1.64423933255
1.64455748714
1.64487564173
1.64519379632
1.64551195092
1.64583010551
1.6461482601
1.64646641469
1.64678456928
1.64710272388
1.64742087847
1.64773903306
1.64805718765
1.64837534225
1.64869349684
1.64901165143
1.64932980602
1.64964796061
1.64996611521
1.6502842698
1.65060242439
1.65092057898
1.65123873358
1.65155688817
1.65187504276
1.65219319735
1.65251135194
1.65282950654
1.65314766113
1.65346581572
1.65378397031
1.65410212491
1.6544202795
1.65473843409
1.65505658868
1.65537474327
1.65569289787
1.65601105246
1.65632920705
1.65664736164
1.65696551624
1.65728367083
1.65760182542
1.65791998001
1.6582381346
1.6585562892
1.65887444379
1.65919259838
1.65951075297
1.65982890757
1.66014706216
1.66046521675
1.66078337134
1.66110152593
1.66141968053
1.66173783512
1.66205598971
1.6623741443
1.6626922989
1.66301045349
1.66332860808
1.66364676267
1.66396491726
1.66428307186
1.66460122645
1.66491938104
1.66523753563
1.66555569023
1.66587384482
1.66619199941
1.666510154
1.66682830859
1.66714646319
1.66746461778
1.66778277237
1.66810092696
1.66841908156
1.66873723615
1.66905539074
1.66937354533
1.66969169992
1.67000985452
1.67032800911
1.6706461637
1.67096431829
1.67128247289
1.67160062748
1.67191878207
1.67223693666
1.67255509125
1.67287324585
1.67319140044
1.67350955503
1.67382770962
1.67414586422
1.67446401881
1.6747821734
1.67510032799
1.67541848258
1.67573663718
1.67605479177
1.67637294636
1.67669110095
1.67700925555
1.67732741014
1.67764556473
1.67796371932
1.67828187391
1.67860002851
1.6789181831
1.67923633769
1.67955449228
1.67987264688
1.68019080147
1.68050895606
1.68082711065
1.68114526524
1.68146341984
1.68178157443
1.68209972902
1.68241788361
1.68273603821
1.6830541928
1.68337234739
1.68369050198
1.68400865657
1.68432681117
1.68464496576
1.68496312035
1.68528127494
1.68559942954
1.68591758413
1.68623573872
1.68655389331
1.6868720479
1.6871902025
1.68750835709
1.68782651168
1.68814466627
1.68846282087
1.68878097546
1.68909913005
1.68941728464
1.68973543923
1.69005359383
1.69037174842
1.69068990301
1.6910080576
1.6913262122
1.69164436679
1.69196252138
1.69228067597
1.69259883056
1.69291698516
1.69323513975
1.69355329434
1.69387144893
1.69418960353
1.69450775812
1.69482591271
1.6951440673
1.69546222189
1.69578037649
1.69609853108
1.69641668567
1.69673484026
1.69705299486
1.69737114945
1.69768930404
1.69800745863
1.69832561322
1.69864376782
1.69896192241
1.699280077
1.69959823159
1.69991638619
1.70023454078
1.70055269537
1.70087084996
1.70118900455
1.70150715915
1.70182531374
1.70214346833
1.70246162292
1.70277977752
1.70309793211
1.7034160867
1.70373424129
1.70405239588
1.70437055048
1.70468870507
1.70500685966
1.70532501425
1.70564316885
1.70596132344
1.70627947803
1.70659763262
1.70691578721
1.70723394181
1.7075520964
1.70787025099
1.70818840558
1.70850656018
1.70882471477
1.70914286936
1.70946102395
1.70977917854
1.71009733314
1.71041548773
1.71073364232
1.71105179691
1.71136995151
1.7116881061
1.71200626069
1.71232441528
1.71264256987
1.71296072447
1.71327887906
1.71359703365
1.71391518824
1.71423334284
1.71455149743
1.71486965202
1.71518780661
1.7155059612
1.7158241158
1.71614227039
1.71646042498
1.71677857957
1.71709673417
1.71741488876
1.71773304335
1.71805119794
1.71836935253
1.71868750713
1.71900566172
1.71932381631
1.7196419709
1.7199601255
1.72027828009
1.72059643468
1.72091458927
1.72123274386
1.72155089846
1.72186905305
1.72218720764
1.72250536223
1.72282351683
1.72314167142
1.72345982601
1.7237779806
1.72409613519
1.72441428979
1.72473244438
1.72505059897
1.72536875356
1.72568690816
1.72600506275
1.72632321734
1.72664137193
1.72695952652
1.72727768112
1.72759583571
1.7279139903
1.72823214489
1.72855029949
1.72886845408
1.72918660867
1.72950476326
1.72982291785
1.73014107245
1.73045922704
1.73077738163
1.73109553622
1.73141369082
1.73173184541
1.73205
