99
6 2 0 2 0 2 0
3 1 0 2 0 0 0
4 0 0 2 0 2 0
4 2 0 1 0 1 0
893 409 0 319 0 165 0
222 105 0 61 0 56 0
399 134 0 94 0 171 0
453 35 0 405 0 13 0
999 333 0 333 0 333 0
807 139 0 359 0 309 0
925 67 0 11 0 847 0
365 66 0 43 0 256 0
999 499 0 250 0 250 0
37 4 0 31 0 2 0
92 41 0 30 0 21 0
999 500 0 249 0 250 0
228 67 0 108 0 53 0
100 40 0 13 0 47 0
999 499 0 0 0 500 0
3 2 0 1 0 0 0
916 426 0 51 0 439 0
611 71 0 295 0 245 0
7 3 0 2 0 2 0
354 103 0 166 0 85 0
967 357 0 416 0 194 0
442 95 0 176 0 171 0
381 173 0 51 0 157 0
170 35 0 66 0 69 0
293 101 0 118 0 74 0
284 23 0 142 0 119 0
158 6 0 23 0 129 0
367 101 0 121 0 145 0
645 167 0 272 0 206 0
131 59 0 61 0 11 0
121 49 0 13 0 59 0
581 166 0 242 0 173 0
117 42 0 53 0 22 0
398 49 0 158 0 191 0
4 2 0 0 0 2 0
832 252 0 300 0 280 0
842 374 0 141 0 327 0
639 48 0 304 0 287 0
6 3 0 3 0 0 0
5 2 0 1 0 2 0
3 0 0 3 0 0 0
438 171 0 74 0 193 0
839 327 0 243 0 269 0
14 7 0 4 0 3 0
807 179 0 231 0 397 0
99 49 0 7 0 43 0
267 90 0 50 0 127 0
3 1 0 1 0 1 0
45 4 0 20 0 21 0
828 324 0 394 0 110 0
351 95 0 117 0 139 0
110 43 0 19 0 48 0
1000 334 0 333 0 333 0
5 1 0 3 0 1 0
974 301 0 253 0 420 0
563 186 0 215 0 162 0
329 88 0 95 0 146 0
1000 501 0 499 0 0 0
323 159 0 56 0 108 0
372 33 0 39 0 300 0
194 152 0 37 0 5 0
840 332 0 133 0 375 0
17 4 0 7 0 6 0
967 438 0 391 0 138 0
685 177 0 211 0 297 0
832 1 0 75 0 756 0
88 43 0 20 0 25 0
999 499 0 1 0 499 0
1000 500 0 1 0 499 0
484 157 0 212 0 115 0
439 205 0 125 0 109 0
4 3 0 1 0 0 0
484 54 0 197 0 233 0
138 69 0 21 0 48 0
1000 0 0 500 0 500 0
133 29 0 64 0 40 0
4 1 0 1 0 2 0
951 191 0 616 0 144 0
1000 250 0 250 0 500 0
382 115 0 120 0 147 0
4 1 0 2 0 1 0
584 269 0 208 0 107 0
469 16 0 43 0 410 0
572 204 0 262 0 106 0
198 83 0 18 0 97 0
352 97 0 79 0 176 0
720 263 0 111 0 346 0
5 3 0 0 0 2 0
659 305 0 179 0 175 0
6 1 0 2 0 3 0
595 140 0 285 0 170 0
135 34 0 41 0 60 0
480 38 0 225 0 217 0
123 35 0 55 0 33 0
876 362 0 338 0 176 0
