99
6 2 0 2 0 2 0
3 1 0 2 0 0 0
1000 499 0 0 0 501 0
205 92 0 54 0 59 0
951 328 0 277 0 346 0
4 2 0 1 0 1 0
7 2 0 3 0 2 0
401 162 0 49 0 190 0
479 214 0 107 0 158 0
999 250 0 249 0 500 0
845 120 0 327 0 398 0
828 35 0 778 0 15 0
385 181 0 103 0 101 0
695 309 0 109 0 277 0
96 31 0 23 0 42 0
695 261 0 248 0 186 0
770 349 0 116 0 305 0
936 107 0 428 0 401 0
554 110 0 217 0 227 0
665 161 0 239 0 265 0
6 0 0 3 0 3 0
85 13 0 33 0 39 0
999 333 0 333 0 333 0
204 97 0 15 0 92 0
94 33 0 26 0 35 0
121 12 0 59 0 50 0
573 253 0 58 0 262 0
477 159 0 211 0 107 0
4 3 0 0 0 1 0
511 238 0 70 0 203 0
468 166 0 139 0 163 0
414 158 0 198 0 58 0
276 5 0 154 0 117 0
641 262 0 210 0 169 0
704 115 0 352 0 237 0
464 89 0 187 0 188 0
999 499 0 250 0 250 0
901 424 0 320 0 157 0
734 353 0 125 0 256 0
533 122 0 218 0 193 0
985 439 0 102 0 444 0
749 129 0 295 0 325 0
691 257 0 164 0 270 0
130 53 0 49 0 28 0
161 40 0 48 0 73 0
269 74 0 90 0 105 0
490 62 0 209 0 219 0
5 0 0 3 0 2 0
793 130 0 20 0 643 0
277 91 0 70 0 116 0
336 82 0 136 0 118 0
355 73 0 109 0 173 0
880 61 0 627 0 192 0
536 267 0 67 0 202 0
753 184 0 238 0 331 0
4 1 0 2 0 1 0
1000 333 0 334 0 333 0
868 253 0 210 0 405 0
6 2 0 1 0 3 0
241 82 0 73 0 86 0
999 1 0 499 0 499 0
806 203 0 323 0 280 0
473 220 0 126 0 127 0
4 1 0 1 0 2 0
1000 500 0 499 0 1 0
999 0 0 499 0 500 0
36 17 0 2 0 17 0
972 165 0 278 0 529 0
481 100 0 212 0 169 0
5 1 0 3 0 1 0
4 0 0 2 0 2 0
953 185 0 381 0 387 0
606 292 0 191 0 123 0
932 386 0 447 0 99 0
94 30 0 40 0 24 0
253 156 0 67 0 30 0
966 354 0 188 0 424 0
523 233 0 49 0 241 0
130 51 0 30 0 49 0
485 15 0 69 0 401 0
4 2 0 0 0 2 0
1000 500 0 0 0 500 0
577 268 0 86 0 223 0
3 1 0 1 0 1 0
148 60 0 14 0 74 0
687 78 0 277 0 332 0
591 265 0 50 0 276 0
645 10 0 17 0 618 0
242 53 0 89 0 100 0
507 14 0 35 0 458 0
919 312 0 321 0 286 0
72 4 0 20 0 48 0
3 0 0 3 0 0 0
5 2 0 1 0 2 0
663 168 0 323 0 172 0
819 201 0 284 0 334 0
500 134 0 128 0 238 0
124 34 0 60 0 30 0
1000 250 0 250 0 500 0
