50
3
1 2 3
2 3 5
3 5 6
2 3 4
1 2 3
3
2 3 4
2 3 4
1 2 3
1 2 3
3 4 5
10
11 12 13 14 15 16 17 18 19 20
61 62 63 64 65 66 67 68 69 70
1 2 3 4 5 6 7 8 9 10
4 14 24 34 44 54 64 74 84 94
51 52 53 54 55 56 57 58 59 60
81 82 83 84 85 86 87 88 89 90
5 15 25 35 45 55 65 75 85 95
21 22 23 24 25 26 27 28 29 30
10 20 30 40 50 60 70 80 90 100
1 11 21 31 41 51 61 71 81 91
41 42 43 44 45 46 47 48 49 50
3 13 23 33 43 53 63 73 83 93
9 19 29 39 49 59 69 79 89 99
71 72 73 74 75 76 77 78 79 80
7 17 27 37 47 57 67 77 87 97
91 92 93 94 95 96 97 98 99 100
31 32 33 34 35 36 37 38 39 40
8 18 28 38 48 58 68 78 88 98
6 16 26 36 46 56 66 76 86 96
3
2 3 4
3 4 5
1 2 3
3 4 5
2 3 4
2
22 222
2 22
22 222
9
5 7 10 12 15 16 19 23 24
8 9 13 16 17 18 22 24 25
2 3 5 8 11 14 17 18 19
12 13 16 18 23 27 29 31 35
3 6 7 9 12 16 19 20 22
18 20 24 27 30 31 32 36 41
14 17 19 22 26 30 31 32 38
8 11 12 16 19 20 23 27 29
19 22 27 29 32 35 38 40 42
3 6 9 11 12 13 17 20 22
9 12 15 17 22 25 27 30 32
5 9 10 13 14 18 21 24 27
14 16 18 20 25 27 30 33 36
17 19 21 23 27 29 31 35 38
17 22 24 25 30 36 38 41 42
11 12 14 19 22 23 26 27 30
2 3 5 8 9 12 14 16 17
4
14 19 20 21
9 10 14 21
3 7 11 19
10 11 13 14
5 7 9 10
2 3 5 9
5 9 13 20
2
4 5
5 9
4 5
4
1 2 3 7
2 4 5 10
8 9 11 13
7 10 12 13
3 5 6 11
2 4 5 9
1 2 3 8
3
5 7 10
10 15 16
7 8 15
12 15 16
5 7 12
9
5 7 8 11 13 14 15 17 18
6 9 11 12 14 15 16 17 19
11 14 15 17 21 23 24 25 28
13 17 18 21 23 26 27 30 31
4 7 8 9 10 12 14 16 18
7 10 13 15 17 18 19 20 21
12 15 16 17 20 24 25 28 30
9 12 14 16 19 21 22 24 26
2 3 4 6 7 9 11 12 13
8 9 10 14 17 19 21 22 23
2 4 5 7 8 9 11 12 14
14 16 18 19 21 26 28 30 31
12 16 17 19 22 24 26 28 30
9 11 12 15 18 21 23 24 26
11 13 14 16 19 22 24 26 27
7 8 9 12 15 16 17 19 21
3 6 7 8 9 11 13 15 16
7
83 111 113 135 166 170 190
63 85 121 129 153 166 170
72 92 101 126 153 167 174
86 97 132 145 167 170 182
22 39 51 60 72 83 104
60 71 76 120 129 145 165
51 56 69 100 121 132 134
48 59 69 76 101 113 133
24 46 56 71 92 111 122
39 46 59 84 85 97 129
22 24 48 61 63 86 110
104 122 133 156 170 182 207
110 129 134 165 174 190 207
5
2 4 6 7 8
4 5 7 8 9
4 6 7 9 10
7 8 9 11 14
5 7 8 10 12
6 8 10 12 14
5 6 9 10 11
3 4 5 6 8
1 2 4 5 6
4
67 85 108 130
51 55 66 108
75 96 103 130
50 57 66 103
24 31 51 75
24 40 50 67
31 54 57 85
3
3 6 7
5 6 7
1 2 3
2 5 6
1 3 5
5
10 14 21 26 28
1 3 7 9 12
9 17 19 22 26
4 10 15 19 21
12 19 21 26 28
7 12 15 19 21
3 6 10 11 14
9 11 19 22 26
1 2 4 9 10
4
4 8 12 16
2 6 10 14
13 14 15 16
1 5 9 13
3 7 11 15
1 2 3 4
5 6 7 8
10
11 30 39 56 63 65 77 102 107 118
63 82 106 130 147 157 176 194 226 244
86 139 168 210 244 255 281 304 310 319
13 54 67 69 82 89 101 115 118 143
107 118 154 197 237 241 257 262 284 310
82 138 155 206 226 250 272 278 284 297
50 104 121 156 157 183 203 233 241 268
77 101 118 177 197 203 229 246 272 281
57 121 137 170 176 204 229 240 257 280
39 67 73 84 120 121 137 152 155 168
45 102 120 137 147 165 197 212 237 244
28 69 73 89 106 109 118 129 154 156
65 89 109 152 165 183 204 219 250 255
62 127 152 190 194 219 246 256 262 287
35 80 84 110 130 152 177 178 197 208
102 115 129 178 212 233 240 256 278 304
118 143 156 208 244 268 280 287 297 319
56 69 89 110 137 156 170 190 206 210
11 13 28 35 45 50 57 62 82 86
7
14 17 24 29 34 35 40
15 22 26 31 39 40 44
4 6 8 10 11 14 15
11 14 22 23 27 32 36
15 17 19 21 27 34 39
12 14 17 20 23 29 31
4 7 8 12 15 20 22
8 12 15 19 22 24 26
10 13 19 20 21 30 32
8 12 15 17 19 28 31
6 8 12 14 17 25 27
20 25 28 30 32 35 40
7 8 12 13 14 17 22
8
2 4 6 7 9 11 13 15
15 17 18 21 23 25 27 28
2 4 6 7 8 9 10 12
10 13 16 18 20 22 24 27
7 8 9 11 13 15 18 19
12 14 17 19 21 23 26 28
7 9 10 11 14 16 19 21
8 10 11 13 15 18 21 23
4 5 7 9 10 12 13 14
9 11 13 14 15 17 20 21
13 14 17 19 21 22 24 26
9 12 14 15 17 20 22 25
6 7 8 9 13 15 17 18
6 7 8 10 11 14 16 17
11 13 15 16 18 20 22 23
8
7 8 9 13 19 24 28 30
4 7 12 14 16 20 23 27
18 24 26 29 37 42 45 51
28 30 31 38 42 45 48 56
11 13 20 25 29 31 38 44
14 19 23 27 33 38 43 46
4 6 7 11 14 18 23 28
27 36 40 44 46 51 52 56
6 8 13 19 24 26 31 36
23 31 35 38 43 45 46 48
12 13 17 20 23 26 30 31
7 9 17 24 25 30 35 40
23 28 30 33 40 44 46 52
14 19 24 25 27 29 33 38
20 26 30 31 38 42 44 45
2
2 22
2 22
22 222
10
20 22 28 29 30 33 34 37 40 43
4 6 9 10 12 15 16 18 20 24
8 12 14 15 18 19 20 21 25 28
10 12 13 18 20 24 26 28 30 35
21 23 31 34 35 38 39 40 41 45
18 20 22 25 28 32 35 38 40 41
1 4 7 8 11 14 16 18 20 21
14 16 18 20 24 28 29 33 34 39
7 10 12 15 18 22 25 27 29 34
16 19 23 25 26 27 29 32 35 36
5 9 11 14 17 20 23 25 28 31
14 16 20 22 24 25 28 31 32 33
11 14 17 18 20 22 24 25 28 29
7 9 11 12 13 17 18 20 22 26
15 18 20 21 25 31 32 36 37 40
21 24 26 28 29 33 36 39 43 45
13 15 17 19 22 25 27 31 33 38
2 6 9 12 14 16 19 21 22 23
1 2 5 7 10 13 14 15 18 21
6
10 14 16 21 22 26
4 11 13 15 16 19
2 5 8 9 10 11
10 17 20 21 22 24
11 18 22 23 26 27
3 8 10 13 14 17
8 10 13 17 20 22
11 17 19 22 24 27
5 8 11 14 17 18
2 3 4 7 10 11
9 13 15 19 21 23
7
20 26 30 37 43 48 53
22 25 31 32 39 43 44
8 15 19 24 25 28 36
10 20 22 30 32 37 43
26 28 32 37 43 48 52
5 8 9 10 15 20 22
15 24 25 35 39 43 46
17 24 27 30 35 37 40
10 15 19 20 24 26 29
5 10 12 17 22 26 31
22 29 34 40 44 52 54
12 19 21 22 25 30 34
31 36 39 43 46 53 54
4
3 4 5 6
4 5 6 7
1 2 3 4
2 3 4 5
3 4 5 6
1 2 3 4
2 3 4 5
3
1 2 3
3 4 5
2 3 4
1 2 3
3 4 5
10
1 2 3 4 5 6 7 8 9 10
6 7 8 9 10 11 12 13 14 15
5 6 7 8 9 10 11 12 13 14
3 4 5 6 7 8 9 10 11 12
9 10 11 12 13 14 15 16 17 18
2 3 4 5 6 7 8 9 10 11
4 5 6 7 8 9 10 11 12 13
8 9 10 11 12 13 14 15 16 17
4 5 6 7 8 9 10 11 12 13
1 2 3 4 5 6 7 8 9 10
10 11 12 13 14 15 16 17 18 19
10 11 12 13 14 15 16 17 18 19
9 10 11 12 13 14 15 16 17 18
3 4 5 6 7 8 9 10 11 12
7 8 9 10 11 12 13 14 15 16
7 8 9 10 11 12 13 14 15 16
2 3 4 5 6 7 8 9 10 11
5 6 7 8 9 10 11 12 13 14
8 9 10 11 12 13 14 15 16 17
7
13 14 19 22 25 27 29
9 10 13 16 18 22 23
5 8 9 10 13 14 17
6 9 10 13 15 19 22
2 5 6 9 12 15 18
16 17 20 23 26 29 31
2 5 6 9 12 13 16
9 11 13 16 17 22 23
18 21 22 23 25 29 31
6 9 10 13 16 19 20
12 14 15 18 21 25 26
15 17 19 22 24 27 29
12 13 16 17 21 24 25
10
19 23 27 28 33 37 39 41 44 47
15 17 19 27 31 34 36 38 42 43
13 15 18 23 28 32 33 37 39 40
18 28 33 37 38 41 45 49 51 56
14 22 26 32 34 37 38 41 45 48
26 33 35 39 42 45 49 51 54 55
11 19 25 28 31 33 34 38 42 46
27 35 39 42 46 48 53 56 60 64
20 25 30 32 34 38 42 45 48 51
7 11 13 17 19 22 24 28 32 33
3 6 7 10 11 14 17 18 22 23
10 17 21 23 27 28 32 36 39 42
22 32 35 39 42 44 48 52 54 60
23 33 36 40 43 47 51 54 55 64
7 13 14 18 19 27 30 33 35 39
17 24 30 33 36 39 42 46 49 53
3 7 11 13 15 19 20 22 26 27
6 11 13 15 17 23 25 29 33 35
22 29 33 36 38 41 46 49 52 54
4
6 8 9 13
4 7 8 9
3 5 6 8
2 3 4 6
2 3 4 6
3 5 7 9
4 6 8 11
2
2 4
4 8
6 8
5
7 8 11 14 16
8 10 12 14 15
5 6 9 12 13
2 4 6 8 10
3 5 8 10 12
2 3 5 7 8
6 8 9 11 12
10 12 13 16 18
8 10 12 15 18
6
5 10 13 18 20 23
16 23 31 33 36 38
15 23 30 31 35 38
6 14 16 21 26 31
8 17 19 22 31 33
1 5 6 8 10 15
8 13 16 19 25 30
3 10 14 17 22 23
1 3 8 13 15 16
10 22 25 27 33 36
15 20 26 31 33 35
4
6 9 11 16
2 5 6 9
8 10 11 13
2 5 8 11
9 12 13 18
5 6 10 14
11 14 16 18
7
11 21 23 27 30 33 35
5 7 9 12 16 19 22
3 5 6 9 10 11 12
10 12 17 20 24 27 29
10 17 18 24 27 30 33
12 25 28 29 31 35 39
9 13 14 20 25 28 32
6 11 13 17 21 22 25
20 22 25 32 33 35 39
13 16 21 25 27 30 31
6 9 13 14 18 23 28
4 7 11 13 17 21 25
17 19 22 28 30 33 35
7
6 11 15 18 20 21 33
1 2 3 4 5 6 22
4 9 13 16 17 18 28
5 10 14 17 19 20 31
3 8 12 13 14 15 27
1 2 3 4 5 6 23
6 11 15 18 20 21 32
4 9 13 16 17 18 29
3 8 12 13 14 15 26
2 7 8 9 10 11 24
2 7 8 9 10 11 25
22 25 27 29 30 33 34
23 24 26 28 31 32 34
10
1 2 3 4 5 6 7 8 9 46
8 16 23 29 34 38 41 43 44 60
6 14 21 27 32 36 37 38 39 56
7 15 22 28 33 37 40 41 42 59
5 13 20 26 31 32 33 34 35 55
47 49 50 53 54 57 59 60 62 64
4 12 19 25 26 27 28 29 30 53
5 13 20 26 31 32 33 34 35 54
6 14 21 27 32 36 37 38 39 57
9 17 24 30 35 39 42 44 45 63
9 17 24 30 35 39 42 44 45 62
7 15 22 28 33 37 40 41 42 58
4 12 19 25 26 27 28 29 30 52
2 10 11 12 13 14 15 16 17 49
1 2 3 4 5 6 7 8 9 47
8 16 23 29 34 38 41 43 44 61
3 11 18 19 20 21 22 23 24 50
3 11 18 19 20 21 22 23 24 51
2 10 11 12 13 14 15 16 17 48
10
7 9 11 14 16 19 20 22 23 25
4 5 7 9 10 12 13 15 17 18
2 4 6 7 8 9 11 12 14 16
10 12 14 17 19 22 23 25 28 29
14 17 18 21 23 26 28 29 31 32
16 18 20 23 25 28 29 30 33 34
12 15 17 21 23 25 27 29 31 33
9 12 14 17 19 20 22 24 25 27
9 11 13 15 18 20 21 24 26 28
2 4 5 6 7 9 10 11 12 14
12 15 17 20 22 24 25 28 29 31
8 10 13 15 16 18 19 21 23 24
7 9 11 13 14 15 17 19 21 23
11 13 15 19 21 24 26 28 29 30
4 5 6 8 9 11 12 13 15 16
5 6 8 11 13 14 16 17 18 20
6 8 9 13 15 17 18 20 21 23
14 16 18 23 24 27 28 31 32 34
6 7 8 9 11 13 14 15 17 18
6
8 9 12 13 14 16
4 6 8 9 11 13
6 8 10 11 12 14
8 9 11 12 14 17
4 6 8 10 12 13
2 3 4 6 8 9
2 3 4 6 8 9
3 5 6 7 9 10
3 5 6 8 9 11
9 11 13 15 17 18
6 7 9 11 13 15
7
36 37 38 39 40 41 42
15 16 17 18 19 20 21
6 13 20 27 34 41 48
3 10 17 24 31 38 45
29 30 31 32 33 34 35
7 14 21 28 35 42 49
22 23 24 25 26 27 28
4 11 18 25 32 39 46
2 9 16 23 30 37 44
8 9 10 11 12 13 14
43 44 45 46 47 48 49
1 8 15 22 29 36 43
1 2 3 4 5 6 7
10
25 29 34 35 47 52 56 59 64 65
20 25 36 39 44 47 56 57 63 67
12 17 21 25 30 33 36 40 42 46
9 11 21 24 27 30 34 35 40 44
17 20 33 38 43 44 52 55 59 62
18 22 27 31 39 43 44 46 51 52
26 31 42 47 51 54 64 67 68 75
24 27 40 45 46 52 59 62 64 70
7 10 11 16 19 20 25 27 31 34
3 8 9 14 16 17 20 24 26 30
20 24 30 34 43 44 47 52 54 57
28 30 35 36 50 55 57 62 67 72
14 16 25 30 31 34 35 36 44 46
30 34 46 51 52 57 65 72 77 81
14 20 24 30 34 38 39 45 47 51
8 10 17 20 22 24 29 30 32 39
31 32 40 44 53 59 63 64 68 77
16 19 30 34 39 43 47 50 53 58
35 39 44 46 58 62 67 70 75 81
5
1 2 4 5 7
1 3 5 7 9
4 5 9 10 12
7 9 10 12 13
9 11 12 14 16
2 4 7 9 11
7 8 12 13 16
3 4 5 6 8
5 6 10 12 14
7
3 5 6 8 10 12 14
2 3 5 7 9 10 11
10 11 15 17 18 19 22
7 8 10 11 15 17 18
1 2 3 5 7 9 10
9 11 12 14 17 18 19
5 7 8 9 11 14 16
5 6 8 9 13 15 17
9 10 13 15 17 18 21
2 3 5 6 8 11 12
7 9 11 13 15 17 19
3 5 6 8 11 13 15
11 12 14 16 19 21 22
2
4 8
2 6
2 4
2
4 8
2 6
6 8
7
11 16 19 22 23 26 28
4 6 8 10 13 16 17
15 18 21 23 26 28 32
1 3 5 8 9 11 12
9 13 16 18 22 23 26
8 10 13 14 19 22 23
7 9 10 13 16 19 21
9 11 13 14 18 22 25
12 15 19 22 23 26 29
12 17 21 25 27 29 32
3 6 9 11 14 15 18
5 8 10 13 17 19 21
10 14 17 19 22 23 27
2
6 8
2 6
2 4
7
6 7 8 9 10 11 12
7 8 9 10 11 12 13
4 5 6 7 8 9 10
1 2 3 4 5 6 7
5 6 7 8 9 10 11
2 3 4 5 6 7 8
1 2 3 4 5 6 7
5 6 7 8 9 10 11
3 4 5 6 7 8 9
6 7 8 9 10 11 12
3 4 5 6 7 8 9
7 8 9 10 11 12 13
2 3 4 5 6 7 8
7
9 13 14 18 21 22 24
16 22 24 29 33 36 40
16 21 24 27 31 33 36
8 17 21 22 24 31 35
5 8 11 14 17 20 22
20 23 28 30 35 38 40
3 11 14 19 20 24 28
6 14 18 20 21 27 30
12 20 22 25 29 33 38
13 17 19 20 22 25 29
15 18 20 21 24 29 33
2 8 13 17 18 21 23
1 5 9 13 15 16 20
