100
4 4
1.4000
0.5000 0.7000 0.8000 0.6000
2 2
1.0000
0.0000 0.0000
2 2
0.0000
0.9000 0.8000
2 2
0.1000
0.4000 0.5000
49 49
21.4115
0.3793 0.4152 0.2192 0.3334 0.6905 0.6685 0.5009 0.5279 0.7834 0.7397 0.6036 0.0866 0.7539 0.7301 0.2259 0.1896 0.2533 0.0881 0.2191 0.6209 0.9943 0.9795 0.4435 0.2264 0.2904 0.2580 0.1279 0.7706 0.7065 0.1380 0.8886 0.1895 0.1072 0.0398 0.6472 0.6337 0.9145 0.1364 0.9659 0.9518 0.0469 0.7359 0.8727 0.2747 0.4242 0.3276 0.4753 0.1465 0.6696
46 46
15.1223
0.0226 0.6665 0.3346 0.0535 0.5045 0.0751 0.4903 0.8688 0.8509 0.7793 0.4509 0.8239 0.6795 0.2351 0.6903 0.1818 0.8528 0.3499 0.1533 0.7512 0.1871 0.7255 0.1773 0.9049 0.6890 0.8973 0.1918 0.2978 0.7978 0.3676 0.7858 0.8557 0.8967 0.9578 0.9657 0.8431 0.5759 0.7558 0.4871 0.1180 0.3363 0.1762 0.7322 0.3736 0.9388 0.8274
46 46
16.2158
0.6528 0.6291 0.4231 0.4818 0.8327 0.8381 0.6329 0.0390 0.7687 0.8790 0.6486 0.4496 0.9140 0.6767 0.2383 0.4744 0.9247 0.0296 0.6330 0.8846 0.6869 0.7620 0.2762 0.3948 0.4159 0.7912 0.9229 0.5240 0.4486 0.6751 0.7519 0.2301 0.5051 0.2780 0.3400 0.6533 0.8977 0.3053 0.9898 0.6284 0.2827 0.5341 0.8451 0.7296 0.4077 0.0651
50 50
14.1445
0.7772 0.7080 0.6361 0.9493 0.9878 0.4196 0.8033 0.8455 0.7094 0.4478 0.8940 0.8807 0.1832 0.5815 0.4468 0.5266 0.9875 0.5724 0.6064 0.4753 0.6419 0.4867 0.3522 0.7683 0.1375 0.5530 0.2655 0.2960 0.2921 0.4731 0.7023 0.7541 0.6543 0.5013 0.2159 0.6425 0.4985 0.1563 0.1424 0.5589 0.6627 0.7654 0.6845 0.8046 0.7534 0.1787 0.7381 0.2903 0.7799 0.8244
49 49
16.5040
0.0961 0.7721 0.7065 0.8392 0.0073 0.4604 0.0792 0.8715 0.2470 0.5360 0.6935 0.8887 0.8776 0.7159 0.6527 0.4406 0.8698 0.6269 0.1564 0.0954 0.9383 0.8012 0.2931 0.6913 0.8406 0.3797 0.0489 0.7465 0.3392 0.3081 0.3443 0.4644 0.5447 0.6568 0.5042 0.0429 0.9125 0.8319 0.8805 0.8659 0.4616 0.8351 0.9386 0.0975 0.7681 0.4438 0.3370 0.3080 0.9554
50 50
1.0000
0.3333 0.3333 0.3333 0.3333 0.3333 0.3333 0.3333 0.3333 0.3333 0.3333 0.3333 0.3333 0.3333 0.3333 0.3333 0.3333 0.3333 0.3333 0.3333 0.3333 0.3333 0.3333 0.3333 0.3333 0.3333 0.3333 0.3333 0.3333 0.3333 0.3333 0.3333 0.3333 0.3333 0.3333 0.3333 0.3333 0.3333 0.3333 0.3333 0.3333 0.3333 0.3333 0.3333 0.3333 0.3333 0.3333 0.3333 0.3333 0.3333 0.3333
46 46
16.2981
0.0818 0.9767 0.8155 0.5829 0.3112 0.8428 0.2313 0.3131 0.1421 0.7782 0.0174 0.9317 0.6306 0.7152 0.0366 0.9775 0.0760 0.9248 0.3750 0.1977 0.6430 0.6243 0.6628 0.1655 0.2220 0.8534 0.4573 0.7743 0.6205 0.4366 0.7685 0.9684 0.5773 0.7859 0.4115 0.6870 0.7348 0.3916 0.1953 0.4662 0.8255 0.5171 0.7268 0.0055 0.4322 0.5862
47 47
13.5293
0.0901 0.2858 0.7512 0.8579 0.3445 0.5030 0.4714 0.5461 0.3904 0.8841 0.6891 0.4592 0.8736 0.7025 0.3414 0.5841 0.6195 0.8664 0.5319 0.4302 0.2780 0.9079 0.9960 0.9034 0.0123 0.5576 0.7649 0.3695 0.7464 0.7941 0.6313 0.4884 0.8897 0.6220 0.3084 0.6892 0.8140 0.2007 0.9700 0.3333 0.5252 0.3517 0.6780 0.6916 0.6232 0.3987 0.1832
49 49
2.2603
0.8691 0.0706 0.5352 0.1329 0.7444 0.6047 0.6873 0.5154 0.9229 0.2017 0.0739 0.1762 0.7694 0.7809 0.7481 0.7213 0.4266 0.4795 0.1160 0.1679 0.0852 0.7001 0.5165 0.4606 0.5347 0.4581 0.5337 0.3850 0.3106 0.6942 0.2831 0.8561 0.2062 0.4379 0.4856 0.6857 0.3545 0.7932 0.2235 0.5509 0.8378 0.7064 0.5095 0.8354 0.6125 0.7961 0.2869 0.8491 0.2368
50 50
0.6901
0.2187 0.9438 0.3512 0.1842 0.7255 0.6196 0.8871 0.2443 0.5109 0.0857 0.3724 0.8091 0.6915 0.7951 0.7205 0.3303 0.7744 0.8928 0.5160 0.8733 0.3483 0.2683 0.0770 0.1761 0.1546 0.6598 0.9641 0.7417 0.9926 0.9318 0.2108 0.2215 0.1224 0.2791 0.8764 0.0863 0.7742 0.0932 0.0539 0.8265 0.3158 0.1090 0.2665 0.5983 0.0507 0.6986 0.3337 0.5154 0.7287 0.6759
50 50
20.2154
0.2313 0.0052 0.4039 0.2709 0.6937 0.7337 0.4609 0.4815 0.1561 0.4163 0.6301 0.0371 0.8288 0.4157 0.2667 0.3485 0.8120 0.0101 0.1808 0.9449 0.8320 0.4424 0.4069 0.4953 0.8557 0.9340 0.2859 0.3537 0.2663 0.8377 0.1322 0.9452 0.0400 0.0562 0.9447 0.0247 0.5360 0.3038 0.9068 0.9780 0.6945 0.3745 0.8077 0.3399 0.4679 0.6844 0.6358 0.2329 0.7871 0.7895
50 50
1.0000
0.0000 0.0000 0.0000 0.0000 0.0000 0.0000 0.0000 0.0000 0.0000 0.0000 0.0000 0.0000 0.0000 0.0000 0.0000 0.0000 0.0000 0.0000 0.0000 0.0000 0.0000 0.0000 0.0000 0.0000 0.0000 0.0000 0.0000 0.0000 0.0000 0.0000 0.0000 0.0000 0.0000 0.0000 0.0000 0.0000 0.0000 0.0000 0.0000 0.0000 0.0000 0.0000 0.0000 0.0000 0.0000 0.0000 0.0000 0.0000 0.0000 0.0000
47 47
20.1565
0.5403 0.6376 0.9254 0.3948 0.0817 0.7432 0.5426 0.4595 0.2143 0.1828 0.7197 0.6126 0.9578 0.7866 0.4233 0.0725 0.9015 0.7067 0.9612 0.2772 0.0036 0.8560 0.4463 0.3301 0.2226 0.4958 0.9964 0.5662 0.1003 0.6680 0.2914 0.9423 0.0694 0.5476 0.5046 0.7138 0.5528 0.0523 0.1122 0.7231 0.7954 0.3716 0.5544 0.3984 0.2935 0.3487 0.0089
49 49
19.3315
0.1671 0.7578 0.9224 0.0541 0.2809 0.3765 0.1019 0.6502 0.3217 0.8543 0.1809 0.2046 0.8331 0.9466 0.4572 0.6497 0.3789 0.2907 0.3315 0.2982 0.5301 0.7171 0.6112 0.7289 0.3683 0.1671 0.6375 0.6983 0.5356 0.6247 0.2881 0.5635 0.9020 0.2458 0.2018 0.6916 0.0051 0.6222 0.9437 0.3808 0.6067 0.3802 0.8006 0.0314 0.1534 0.6871 0.8056 0.7697 0.4168
48 48
20.2152
0.1775 0.4028 0.3716 0.7216 0.7436 0.4505 0.7744 0.3673 0.2692 0.8468 0.5044 0.4696 0.2049 0.9002 0.1379 0.0655 0.4323 0.5325 0.6191 0.7399 0.7570 0.1650 0.1982 0.7151 0.0284 0.2186 0.6771 0.9743 0.4037 0.8749 0.9779 0.3633 0.2884 0.6588 0.8881 0.0233 0.5919 0.6645 0.2548 0.4157 0.3619 0.4543 0.4888 0.5108 0.4332 0.3568 0.3364 0.6939
45 45
17.8738
0.3354 0.2944 0.1242 0.5515 0.8527 0.6023 0.0120 0.2603 0.1541 0.1650 0.0726 0.2970 0.7005 0.7261 0.8209 0.5162 0.6081 0.0050 0.3350 0.7440 0.4479 0.7100 0.3566 0.5810 0.7017 0.4812 0.0477 0.7829 0.1270 0.7602 0.4442 0.1150 0.1325 0.3745 0.5680 0.4952 0.5887 0.3850 0.4390 0.0418 0.0932 0.7000 0.5940 0.0443 0.5482
50 50
25.1042
0.0812 0.9738 0.1060 0.0998 0.7969 0.1547 0.4130 0.8872 0.1004 0.2813 0.3287 0.9930 0.7419 0.5078 0.6058 0.0493 0.7998 0.5812 0.7643 0.0776 0.1339 0.9461 0.5673 0.1301 0.8670 0.4706 0.2548 0.9335 0.1711 0.3634 0.9884 0.1516 0.0230 0.0469 0.5687 0.1146 0.7524 0.6303 0.1446 0.2990 0.8837 0.5075 0.1988 0.1225 0.7144 0.7261 0.2816 0.1692 0.6835 0.1893
2 2
0.5000
0.5000 0.5000
45 45
17.2878
0.0408 0.1570 0.7512 0.0202 0.5889 0.1595 0.7601 0.6251 0.1130 0.6661 0.4084 0.1311 0.3971 0.3403 0.0310 0.5041 0.3085 0.3388 0.4453 0.1016 0.1142 0.7747 0.5774 0.6995 0.6113 0.5425 0.0627 0.5245 0.8360 0.6006 0.3532 0.9387 0.9305 0.2826 0.3235 0.1332 0.9314 0.0920 0.2585 0.6480 0.9632 0.3696 0.8995 0.9846 0.9631
47 47
2.2784
0.1305 0.7939 0.6587 0.2346 0.1028 0.1005 0.1277 0.9917 0.9460 0.0239 0.6641 0.6852 0.3553 0.4354 0.8489 0.9770 0.4923 0.1259 0.1539 0.1427 0.1637 0.9056 0.3635 0.8419 0.3364 0.7958 0.9963 0.7586 0.8193 0.6562 0.7511 0.5519 0.3204 0.1370 0.8278 0.6506 0.9042 0.5550 0.1902 0.8156 0.1664 0.4495 0.3084 0.0708 0.6483 0.2816 0.8840
48 48
14.4054
0.9322 0.4253 0.0406 0.2227 0.2478 0.6314 0.0076 0.4419 0.7644 0.7042 0.1763 0.6019 0.9561 0.2547 0.6975 0.8716 0.2792 0.7645 0.6220 0.5464 0.3947 0.5363 0.9805 0.7278 0.2725 0.4927 0.9453 0.9884 0.8763 0.0982 0.3386 0.9412 0.4081 0.5515 0.8801 0.5290 0.2285 0.1877 0.5450 0.4406 0.9544 0.9942 0.5381 0.5417 0.9723 0.0219 0.2907 0.9769
1 1
1.0000
0.0000
48 48
22.2789
0.5970 0.2370 0.0566 0.8231 0.1683 0.9737 0.2749 0.6352 0.7525 0.9981 0.3978 0.0457 0.0170 0.3905 0.0064 0.5513 0.1064 0.7902 0.0938 0.3206 0.7599 0.0346 0.6453 0.5991 0.9183 0.1007 0.8372 0.2356 0.3434 0.2831 0.8896 0.3412 0.9849 0.6677 0.2369 0.3035 0.7023 0.6103 0.2800 0.9543 0.5833 0.9797 0.7186 0.5292 0.5840 0.7957 0.8092 0.0933
46 46
16.8193
0.7945 0.5972 0.2702 0.9566 0.1531 0.5139 0.2302 0.1305 0.1853 0.1277 0.0185 0.7471 0.8887 0.3421 0.1590 0.0137 0.5981 0.2620 0.7320 0.2789 0.9909 0.3896 0.5583 0.6804 0.5260 0.8410 0.1253 0.6622 0.8073 0.6372 0.8897 0.5499 0.1704 0.2079 0.4271 0.3312 0.8029 0.8036 0.5995 0.5466 0.9557 0.5203 0.0092 0.7197 0.0839 0.0262
45 45
13.4571
0.6283 0.8652 0.4468 0.8725 0.7745 0.9460 0.6613 0.8879 0.9980 0.0895 0.5644 0.5369 0.8617 0.9315 0.9838 0.8355 0.7672 0.2712 0.6105 0.4335 0.7549 0.3881 0.2234 0.4678 0.5216 0.7962 0.4185 0.1593 0.3479 0.2010 0.7725 0.1505 0.7006 0.9948 0.7133 0.9717 0.0736 0.7144 0.0343 0.3831 0.2973 0.8659 0.1759 0.5840 0.8961
50 50
15.5351
0.0527 0.3153 0.7634 0.9860 0.6852 0.1706 0.5717 0.1228 0.2441 0.3353 0.3238 0.5688 0.7640 0.8055 0.9646 0.5658 0.1706 0.7663 0.8607 0.6127 0.9645 0.5772 0.5807 0.8049 0.4219 0.6586 0.0982 0.9308 0.0455 0.8415 0.8839 0.5206 0.9626 0.7665 0.5386 0.0788 0.1425 0.2644 0.9797 0.5189 0.1951 0.8585 0.8027 0.2305 0.3641 0.6945 0.7488 0.1366 0.8558 0.9623
49 49
18.5659
0.0425 0.1805 0.4917 0.0772 0.3023 0.0621 0.6924 0.5628 0.8915 0.9413 0.9297 0.2051 0.5056 0.9133 0.8142 0.9441 0.4954 0.0408 0.5202 0.5310 0.8704 0.5921 0.3052 0.6071 0.0778 0.1569 0.6779 0.5041 0.7292 0.3426 0.1357 0.2156 0.0119 0.5819 0.8087 0.7287 0.1846 0.4917 0.6889 0.3520 0.9278 0.1380 0.3517 0.3385 0.6670 0.0318 0.9419 0.0363 0.0504
47 47
23.1464
0.2291 0.6262 0.0404 0.1641 0.9812 0.4360 0.7912 0.8695 0.5147 0.5151 0.4956 0.5158 0.9302 0.7137 0.6542 0.3215 0.5075 0.8810 0.7671 0.7239 0.3125 0.6223 0.3658 0.7514 0.4909 0.2770 0.1146 0.3664 0.8502 0.2512 0.3170 0.9856 0.4083 0.0449 0.5732 0.2360 0.0055 0.3293 0.1441 0.0666 0.1919 0.1990 0.4127 0.9698 0.5768 0.6168 0.3344
48 48
17.6243
0.8554 0.9887 0.3230 0.2367 0.5825 0.9327 0.4318 0.7777 0.2639 0.4408 0.7807 0.6910 0.0142 0.2629 0.1255 0.9454 0.9560 0.5799 0.3179 0.7242 0.6550 0.4074 0.4251 0.4641 0.1001 0.1042 0.9352 0.3584 0.6330 0.6679 0.2037 0.3733 0.2797 0.8502 0.2227 0.6130 0.6428 0.5938 0.1569 0.4250 0.1011 0.8123 0.1277 0.9811 0.0747 0.0567 0.7448 0.5725
50 50
23.0666
0.2300 0.6917 0.4994 0.5947 0.2665 0.7257 0.1082 0.1451 0.5096 0.8281 0.1842 0.7070 0.1022 0.9753 0.5338 0.0990 0.4651 0.7033 0.6180 0.9381 0.8530 0.6862 0.9691 0.2963 0.3070 0.5632 0.1702 0.2479 0.3355 0.1941 0.6444 0.1494 0.0817 0.4965 0.3200 0.3803 0.1215 0.3142 0.2311 0.8319 0.1272 0.6781 0.4918 0.8904 0.5558 0.3308 0.9038 0.8185 0.9873 0.5707
47 47
20.9162
0.1179 0.5977 0.7938 0.2238 0.5484 0.0967 0.7205 0.2987 0.0773 0.0345 0.6450 0.1770 0.4985 0.8516 0.6255 0.9938 0.2490 0.8023 0.5909 0.3420 0.8380 0.2959 0.7287 0.5290 0.9842 0.2748 0.3253 0.2925 0.2853 0.1708 0.2022 0.9074 0.4154 0.3809 0.4577 0.4380 0.3030 0.8107 0.8520 0.0057 0.9465 0.1955 0.2907 0.3967 0.7795 0.6685 0.8228
48 48
21.6149
0.7876 0.6405 0.0996 0.5618 0.5376 0.5365 0.0579 0.7263 0.2669 0.5352 0.3297 0.2114 0.2630 0.6582 0.5818 0.2616 0.8206 0.1228 0.7720 0.7914 0.2568 0.2626 0.3012 0.1247 0.9408 0.4947 0.6871 0.8523 0.1015 0.6385 0.6974 0.6532 0.6760 0.7506 0.2539 0.1253 0.2079 0.4144 0.8338 0.6964 0.2285 0.1329 0.4803 0.8769 0.9601 0.2806 0.3284 0.3744
49 49
21.0651
0.7769 0.0231 0.3290 0.4690 0.3082 0.8542 0.1405 0.5188 0.6517 0.1769 0.1649 0.7637 0.7868 0.6805 0.5542 0.6243 0.4728 0.2468 0.2318 0.2344 0.5214 0.3247 0.3170 0.8727 0.0586 0.2596 0.4920 0.0166 0.1460 0.0965 0.7980 0.3160 0.3064 0.0354 0.9727 0.3227 0.1621 0.0327 0.2438 0.1403 0.3666 0.5143 0.4088 0.4840 0.3712 0.8147 0.1821 0.8587 0.9591
47 47
21.9663
0.1273 0.9213 0.0046 0.9478 0.6730 0.3323 0.1410 0.2886 0.9663 0.8107 0.1999 0.5036 0.8156 0.5281 0.4885 0.8744 0.5743 0.1195 0.6049 0.3313 0.6593 0.0654 0.4363 0.5458 0.3967 0.7322 0.2756 0.8274 0.2757 0.4792 0.9188 0.1483 0.1151 0.5884 0.2089 0.9840 0.6100 0.3735 0.8706 0.0090 0.4550 0.5613 0.0336 0.1772 0.5785 0.7555 0.2898
50 50
16.7161
0.1439 0.5968 0.5574 0.6200 0.8721 0.3202 0.4008 0.2504 0.5911 0.8535 0.0179 0.3569 0.8427 0.5464 0.7664 0.7013 0.6766 0.4472 0.5616 0.9683 0.1967 0.1916 0.0724 0.1286 0.0054 0.5403 0.9914 0.4145 0.7366 0.0359 0.4716 0.9871 0.6961 0.6875 0.1865 0.8604 0.6693 0.0609 0.8477 0.3944 0.6683 0.6286 0.5817 0.7555 0.3678 0.0709 0.9685 0.1123 0.1743 0.7712
46 46
16.3103
0.7698 0.8900 0.0658 0.5636 0.6694 0.1236 0.0389 0.8425 0.2859 0.4271 0.3003 0.4561 0.6197 0.3905 0.8488 0.0292 0.8243 0.7456 0.3201 0.1553 0.9239 0.6490 0.6605 0.6578 0.6994 0.8731 0.2893 0.2460 0.9518 0.1772 0.1862 0.6308 0.1754 0.1420 0.5389 0.5459 0.1880 0.8851 0.5418 0.9540 0.4806 0.6009 0.3729 0.8339 0.0245 0.4774
46 46
19.1735
0.0744 0.8647 0.8216 0.8318 0.9373 0.8803 0.8346 0.5923 0.7389 0.4320 0.2074 0.9130 0.1320 0.2540 0.6892 0.5720 0.1761 0.1786 0.0754 0.2231 0.9556 0.7160 0.8456 0.0384 0.8304 0.4462 0.1585 0.1009 0.7967 0.1343 0.9256 0.6010 0.6048 0.0270 0.5439 0.1101 0.5603 0.0395 0.1626 0.9582 0.4595 0.3873 0.3075 0.1859 0.4328 0.8377
47 47
17.2724
0.5117 0.4502 0.5245 0.1818 0.2862 0.7462 0.5420 0.7321 0.6060 0.6572 0.6046 0.1763 0.3448 0.4266 0.7573 0.6001 0.4603 0.6463 0.1576 0.3632 0.6159 0.7709 0.0483 0.6394 0.8853 0.3782 0.0702 0.5053 0.3618 0.6103 0.9246 0.1457 0.9285 0.7161 0.0605 0.3564 0.9956 0.4168 0.6852 0.0016 0.6064 0.0798 0.1320 0.1702 0.8606 0.1632 0.7937
50 50
0.0049
0.9999 0.9999 0.9999 0.9999 0.9999 0.9999 0.9999 0.9999 0.9999 0.9999 0.9999 0.9999 0.9999 0.9999 0.9999 0.9999 0.9999 0.9999 0.9999 0.9999 0.9999 0.9999 0.9999 0.9999 0.9999 0.9999 0.9999 0.9999 0.9999 0.9999 0.9999 0.9999 0.9999 0.9999 0.9999 0.9999 0.9999 0.9999 0.9999 0.9999 0.9999 0.9999 0.9999 0.9999 0.9999 0.9999 0.9999 0.9999 0.9999 0.9999
46 46
19.7642
0.5025 0.6489 0.9074 0.9337 0.6211 0.9309 0.3580 0.0768 0.3335 0.4610 0.8846 0.2353 0.7260 0.8536 0.3835 0.6183 0.3161 0.5486 0.4174 0.0112 0.4115 0.7068 0.1618 0.9791 0.2360 0.6248 0.8860 0.0346 0.6750 0.1102 0.0422 0.3693 0.2558 0.0830 0.7178 0.6273 0.3175 0.6597 0.5273 0.2014 0.2234 0.0616 0.3897 0.2409 0.0381 0.2235
50 50
21.2115
0.4137 0.4517 0.5166 0.0857 0.6268 0.3944 0.6369 0.4218 0.4732 0.9177 0.9380 0.4838 0.8428 0.5422 0.9895 0.6063 0.0200 0.9956 0.5127 0.7277 0.5119 0.5905 0.5012 0.9831 0.8149 0.1527 0.8311 0.6030 0.1961 0.1427 0.7700 0.1017 0.8774 0.4217 0.1102 0.4444 0.0280 0.7344 0.6886 0.1895 0.5046 0.4229 0.5998 0.0960 0.8249 0.8641 0.8472 0.5267 0.1578 0.7800
48 48
18.4399
0.2417 0.6097 0.4022 0.5092 0.7151 0.8674 0.0940 0.7383 0.8509 0.6297 0.9752 0.3942 0.4321 0.3643 0.0084 0.3844 0.0460 0.6426 0.2785 0.9087 0.0323 0.7717 0.8252 0.7317 0.4579 0.9504 0.1668 0.4642 0.1226 0.3576 0.8931 0.1274 0.5338 0.4674 0.3314 0.6966 0.1092 0.9316 0.5724 0.8040 0.0151 0.1379 0.9987 0.1678 0.3307 0.8984 0.6506 0.8622
47 47
0.5837
0.5603 0.5646 0.4740 0.7741 0.8003 0.7335 0.8867 0.3950 0.3154 0.9137 0.5956 0.2637 0.8463 0.0343 0.6131 0.6696 0.4499 0.0304 0.5026 0.8177 0.8207 0.9918 0.1291 0.7012 0.6586 0.0082 0.2756 0.5064 0.3793 0.8738 0.9160 0.3682 0.7970 0.2976 0.1213 0.6248 0.4186 0.7619 0.3602 0.1457 0.6048 0.2916 0.4096 0.8283 0.7999 0.5373 0.7167
45 45
18.0811
0.3498 0.7090 0.1068 0.3839 0.8395 0.2941 0.6459 0.3279 0.2027 0.6560 0.0523 0.6188 0.2737 0.2099 0.7608 0.6967 0.0563 0.2986 0.7450 0.5448 0.4330 0.2842 0.7828 0.5986 0.2978 0.7814 0.6925 0.4906 0.3074 0.2623 0.2880 0.1352 0.4194 0.8635 0.2740 0.0843 0.9714 0.3180 0.9300 0.7079 0.0556 0.0041 0.9479 0.0038 0.0769
48 48
16.5481
0.6960 0.1338 0.5631 0.0352 0.8527 0.1934 0.0070 0.9839 0.9007 0.9638 0.6949 0.7854 0.9837 0.0174 0.9071 0.1578 0.4482 0.9662 0.3881 0.1149 0.2803 0.8382 0.0552 0.9547 0.4732 0.9887 0.4286 0.8894 0.3929 0.1063 0.5251 0.0636 0.3018 0.8115 0.9878 0.5892 0.6619 0.1309 0.4541 0.4737 0.1920 0.7890 0.0751 0.0828 0.1091 0.6529 0.1733 0.1415
45 45
15.4970
0.5075 0.7129 0.5046 0.3725 0.4919 0.7227 0.4776 0.4173 0.2053 0.8316 0.7539 0.8468 0.3390 0.0399 0.3217 0.0741 0.5248 0.0234 0.2867 0.7216 0.7875 0.7702 0.0881 0.9477 0.4397 0.0723 0.0162 0.9920 0.6907 0.9192 0.9409 0.7340 0.8244 0.0571 0.4521 0.6255 0.5502 0.8189 0.8715 0.4887 0.6057 0.6881 0.3690 0.6495 0.3795
50 50
0.0000
0.8700 0.8700 0.8700 0.8700 0.8700 0.8700 0.8700 0.8700 0.8700 0.8700 0.8700 0.8700 0.8700 0.8700 0.8700 0.8700 0.8700 0.8700 0.8700 0.8700 0.8700 0.8700 0.8700 0.8700 0.8700 0.8700 0.8700 0.8700 0.8700 0.8700 0.8700 0.8700 0.8700 0.8700 0.8700 0.8700 0.8700 0.8700 0.8700 0.8700 0.8700 0.8700 0.8700 0.8700 0.8700 0.8700 0.8700 0.8700 0.8700 0.8700
46 46
20.4748
0.1918 0.6519 0.0465 0.2707 0.6107 0.0522 0.9279 0.1220 0.2973 0.1200 0.7349 0.0436 0.3830 0.7281 0.9303 0.1703 0.3442 0.6434 0.8811 0.0521 0.5000 0.6317 0.8150 0.2022 0.5522 0.4138 0.0834 0.0789 0.8132 0.7242 0.1989 0.8197 0.7719 0.2202 0.7009 0.7538 0.3873 0.4621 0.4641 0.5288 0.4293 0.4185 0.0421 0.1161 0.0662 0.8327
50 50
0.0000
0.0000 0.0000 0.0000 0.0000 0.0000 0.0000 0.0000 0.0000 0.0000 0.0000 0.0000 0.0000 0.0000 0.0000 0.0000 0.0000 0.0000 0.0000 0.0000 0.0000 0.0000 0.0000 0.0000 0.0000 0.0000 0.0000 0.0000 0.0000 0.0000 0.0000 0.0000 0.0000 0.0000 0.0000 0.0000 0.0000 0.0000 0.0000 0.0000 0.0000 0.0000 0.0000 0.0000 0.0000 0.0000 0.0000 0.0000 0.0000 0.0000 0.0000
50 50
0.0000
0.9999 0.9999 0.9999 0.9999 0.9999 0.9999 0.9999 0.9999 0.9999 0.9999 0.9999 0.9999 0.9999 0.9999 0.9999 0.9999 0.9999 0.9999 0.9999 0.9999 0.9999 0.9999 0.9999 0.9999 0.9999 0.9999 0.9999 0.9999 0.9999 0.9999 0.9999 0.9999 0.9999 0.9999 0.9999 0.9999 0.9999 0.9999 0.9999 0.9999 0.9999 0.9999 0.9999 0.9999 0.9999 0.9999 0.9999 0.9999 0.9999 0.9999
45 45
15.9186
0.4561 0.6428 0.5183 0.9042 0.3200 0.4657 0.1228 0.3494 0.7505 0.5919 0.4663 0.9541 0.0816 0.0528 0.4941 0.6079 0.5421 0.3418 0.5287 0.3927 0.6077 0.1184 0.3399 0.6122 0.4377 0.8739 0.7206 0.6920 0.4094 0.3484 0.1867 0.1679 0.1582 0.4172 0.4363 0.5099 0.6538 0.2430 0.9786 0.3881 0.4737 0.5001 0.5892 0.7691 0.0601
50 50
0.0050
0.9999 0.9999 0.9999 0.9999 0.9999 0.9999 0.9999 0.9999 0.9999 0.9999 0.9999 0.9999 0.9999 0.9999 0.9999 0.9999 0.9999 0.9999 0.9999 0.9999 0.9999 0.9999 0.9999 0.9999 0.9999 0.9999 0.9999 0.9999 0.9999 0.9999 0.9999 0.9999 0.9999 0.9999 0.9999 0.9999 0.9999 0.9999 0.9999 0.9999 0.9999 0.9999 0.9999 0.9999 0.9999 0.9999 0.9999 0.9999 0.9999 0.9999
1 1
0.0000
1.0000
45 45
16.9530
0.0240 0.0643 0.7888 0.3025 0.8191 0.2091 0.6687 0.4277 0.3654 0.4121 0.0633 0.4706 0.5394 0.6044 0.9214 0.4289 0.5207 0.6775 0.5982 0.9479 0.6834 0.5851 0.9431 0.2172 0.1596 0.2614 0.9207 0.9591 0.8484 0.3139 0.9758 0.9399 0.5329 0.2793 0.1643 0.1931 0.9712 0.0346 0.1117 0.5997 0.9841 0.7882 0.4873 0.6974 0.2240
49 49
17.9986
0.1075 0.3715 0.9294 0.9819 0.8895 0.5541 0.0135 0.0042 0.8674 0.4203 0.3071 0.8360 0.8608 0.0039 0.2522 0.2622 0.1820 0.5198 0.7853 0.9030 0.2889 0.7569 0.4054 0.0963 0.0512 0.4286 0.0156 0.4093 0.9018 0.9511 0.0442 0.9451 0.3221 0.7353 0.7086 0.6487 0.0789 0.5412 0.3342 0.5857 0.9898 0.6741 0.7818 0.1074 0.9892 0.5711 0.4474 0.0969 0.6136
4 4
1.3999
0.5000 0.8000 0.7000 0.6000
47 47
18.5401
0.0427 0.2294 0.6192 0.7890 0.0106 0.7852 0.4984 0.0483 0.3307 0.5163 0.4831 0.9159 0.5973 0.1113 0.4784 0.0663 0.0404 0.7726 0.4338 0.8366 0.4879 0.8876 0.3499 0.1601 0.2823 0.9409 0.4944 0.3167 0.7177 0.7755 0.9086 0.3713 0.2756 0.0350 0.6721 0.4044 0.3016 0.6528 0.3611 0.3726 0.6393 0.0771 0.6798 0.9539 0.5680 0.2962 0.4788
46 46
18.6160
0.6729 0.2817 0.5447 0.4165 0.7242 0.7147 0.3978 0.0617 0.6052 0.0968 0.0110 0.1718 0.8849 0.5190 0.5916 0.7887 0.5010 0.5908 0.1700 0.2133 0.3273 0.2160 0.7752 0.6279 0.3384 0.7656 0.8735 0.5232 0.7104 0.1164 0.5090 0.8705 0.7438 0.2157 0.7881 0.1927 0.0973 0.6696 0.4166 0.8453 0.6023 0.0862 0.8479 0.3923 0.5835 0.1658
48 48
19.8982
0.4057 0.1071 0.4354 0.3047 0.9361 0.8991 0.0080 0.8349 0.8556 0.7517 0.1877 0.5728 0.1579 0.0225 0.3244 0.8046 0.6416 0.5524 0.4860 0.7539 0.6733 0.8739 0.2709 0.5273 0.5522 0.9726 0.2091 0.1768 0.8606 0.6882 0.6597 0.6213 0.0066 0.2492 0.1823 0.9166 0.0217 0.8366 0.1612 0.0920 0.6575 0.1142 0.3626 0.6444 0.0373 0.2466 0.2750 0.3491
50 50
33.3350
0.3333 0.3333 0.3333 0.3333 0.3333 0.3333 0.3333 0.3333 0.3333 0.3333 0.3333 0.3333 0.3333 0.3333 0.3333 0.3333 0.3333 0.3333 0.3333 0.3333 0.3333 0.3333 0.3333 0.3333 0.3333 0.3333 0.3333 0.3333 0.3333 0.3333 0.3333 0.3333 0.3333 0.3333 0.3333 0.3333 0.3333 0.3333 0.3333 0.3333 0.3333 0.3333 0.3333 0.3333 0.3333 0.3333 0.3333 0.3333 0.3333 0.3333
45 45
3.5904
0.2361 0.5776 0.3252 0.4581 0.9563 0.3880 0.3324 0.1847 0.4520 0.5679 0.4654 0.1036 0.3448 0.7248 0.4972 0.7122 0.8075 0.8945 0.3655 0.3085 0.8465 0.1824 0.2692 0.4568 0.3308 0.4820 0.7715 0.4244 0.9111 0.4465 0.7976 0.6697 0.1720 0.8268 0.3892 0.5127 0.3233 0.1018 0.4031 0.5221 0.1272 0.7398 0.2414 0.3028 0.6942
50 50
23.7492
0.3871 0.5575 0.8739 0.2355 0.9888 0.7304 0.3661 0.6145 0.4667 0.4871 0.9484 0.1497 0.7852 0.4032 0.0517 0.2518 0.2789 0.1486 0.7354 0.2585 0.2049 0.9129 0.0435 0.0586 0.7797 0.5459 0.7024 0.5131 0.5753 0.4940 0.8976 0.5916 0.0067 0.6313 0.9008 0.2362 0.9668 0.5758 0.6524 0.6162 0.9144 0.8893 0.1767 0.5145 0.8539 0.5667 0.2452 0.2609 0.0050 0.0865
45 45
19.3438
0.3829 0.5508 0.7322 0.7620 0.6861 0.4820 0.8417 0.7410 0.0031 0.2541 0.0537 0.2528 0.5634 0.9823 0.9396 0.5819 0.2575 0.3151 0.5909 0.4131 0.5148 0.4511 0.2632 0.4333 0.6211 0.3834 0.6495 0.7613 0.7339 0.7545 0.3489 0.4780 0.3784 0.4399 0.8009 0.1896 0.6891 0.5988 0.4119 0.0498 0.7859 0.4918 0.9448 0.4315 0.0130
50 50
0.0000
0.3333 0.3333 0.3333 0.3333 0.3333 0.3333 0.3333 0.3333 0.3333 0.3333 0.3333 0.3333 0.3333 0.3333 0.3333 0.3333 0.3333 0.3333 0.3333 0.3333 0.3333 0.3333 0.3333 0.3333 0.3333 0.3333 0.3333 0.3333 0.3333 0.3333 0.3333 0.3333 0.3333 0.3333 0.3333 0.3333 0.3333 0.3333 0.3333 0.3333 0.3333 0.3333 0.3333 0.3333 0.3333 0.3333 0.3333 0.3333 0.3333 0.3333
45 45
19.2662
0.4354 0.3259 0.3537 0.4793 0.3367 0.0414 0.2145 0.3610 0.4481 0.5816 0.6903 0.8123 0.9626 0.3354 0.2555 0.3583 0.8607 0.4815 0.0388 0.8935 0.4242 0.7852 0.6063 0.3925 0.1743 0.2401 0.0911 0.9428 0.4090 0.0168 0.1673 0.0454 0.3119 0.8136 0.8161 0.9339 0.5143 0.2484 0.0271 0.8851 0.8216 0.4668 0.1254 0.3291 0.3044
2 2
0.3333
0.0000 0.0000
47 47
15.9263
0.4810 0.9774 0.5788 0.2647 0.8816 0.6964 0.3531 0.6665 0.3261 0.0293 0.3335 0.7090 0.0335 0.9880 0.3173 0.7317 0.3611 0.5564 0.2535 0.3906 0.5063 0.7252 0.3204 0.6745 0.4137 0.1851 0.5270 0.3737 0.3313 0.1090 0.8801 0.4809 0.2702 0.6943 0.6125 0.6865 0.7111 0.9993 0.2697 0.8097 0.4836 0.9240 0.9087 0.3630 0.5429 0.1788 0.6427
45 45
20.0339
0.5826 0.2872 0.9542 0.3738 0.6834 0.0967 0.3471 0.2544 0.4631 0.7829 0.3925 0.1380 0.8149 0.6961 0.0621 0.5025 0.1167 0.7292 0.0599 0.0656 0.3320 0.3587 0.1499 0.5013 0.4889 0.5268 0.9948 0.9734 0.1433 0.2171 0.4545 0.3553 0.9728 0.1078 0.7064 0.1323 0.6029 0.3388 0.2444 0.7332 0.1803 0.1774 0.1809 0.0626 0.2732
50 50
22.3834
0.6567 0.2330 0.6129 0.9437 0.6463 0.4086 0.5842 0.0379 0.8279 0.0404 0.7634 0.9086 0.3261 0.5700 0.5713 0.6545 0.2422 0.5677 0.8198 0.0939 0.6891 0.9082 0.4365 0.1738 0.6956 0.8049 0.5238 0.9549 0.1372 0.1114 0.8091 0.1829 0.3819 0.3033 0.6990 0.0312 0.6065 0.3081 0.6014 0.0791 0.9202 0.0000 0.5227 0.5532 0.6438 0.7310 0.4716 0.8231 0.9953 0.2049
1 1
0.3333
0.5000
46 46
19.9864
0.1087 0.5515 0.1185 0.5444 0.0689 0.0261 0.6307 0.1564 0.1216 0.3364 0.9931 0.2200 0.4978 0.2971 0.8991 0.5078 0.3661 0.2783 0.7068 0.4452 0.4109 0.1133 0.7709 0.7205 0.0537 0.6846 0.8644 0.6743 0.5460 0.3792 0.4592 0.2121 0.0203 0.6502 0.4977 0.3461 0.9704 0.5227 0.4535 0.2782 0.3793 0.5599 0.6978 0.7440 0.3209 0.7256
50 50
18.8370
0.5738 0.6041 0.0331 0.0747 0.9549 0.1168 0.2764 0.0876 0.9123 0.0726 0.7602 0.3000 0.7538 0.8904 0.5756 0.6799 0.3395 0.3079 0.7356 0.7902 0.6724 0.8421 0.5953 0.1508 0.2528 0.8423 0.0412 0.3876 0.7098 0.1992 0.5457 0.6264 0.4337 0.0860 0.1818 0.5712 0.7658 0.1513 0.4484 0.4288 0.0108 0.2445 0.4924 0.2551 0.2646 0.1665 0.4280 0.9126 0.7823 0.6126
45 45
16.5515
0.5071 0.7509 0.1627 0.3918 0.9359 0.6361 0.6484 0.3259 0.9361 0.9621 0.5245 0.2087 0.5770 0.2880 0.3264 0.9379 0.6840 0.2901 0.1816 0.0773 0.4123 0.7107 0.6915 0.6567 0.5436 0.3773 0.2240 0.6394 0.2284 0.0878 0.8672 0.4866 0.3154 0.5234 0.3310 0.2972 0.8851 0.0042 0.8131 0.6317 0.3481 0.8239 0.0735 0.5786 0.7542
47 47
20.2731
0.9925 0.5968 0.6582 0.6991 0.6488 0.8441 0.7954 0.0855 0.9256 0.3506 0.3572 0.2235 0.5538 0.1938 0.2479 0.1111 0.0668 0.9857 0.2796 0.3893 0.2922 0.9217 0.4984 0.7991 0.8215 0.0287 0.9091 0.8940 0.2005 0.4213 0.3794 0.4585 0.1987 0.1670 0.4195 0.6017 0.5704 0.2186 0.7831 0.0264 0.8670 0.3284 0.8213 0.4583 0.5489 0.0875 0.1011
4 4
0.0001
0.0000 0.0000 0.0000 0.0000
49 49
22.8844
0.3216 0.0128 0.4952 0.2355 0.1257 0.4803 0.7988 0.3307 0.5929 0.9970 0.1569 0.9872 0.7817 0.7451 0.1788 0.5590 0.1428 0.5084 0.5267 0.2825 0.6184 0.2464 0.1443 0.5486 0.6153 0.3582 0.8508 0.7527 0.1268 0.5448 0.8462 0.2756 0.9511 0.0967 0.5885 0.1959 0.8477 0.3793 0.2933 0.7372 0.3429 0.0980 0.6241 0.5177 0.0180 0.3777 0.4516 0.8884 0.5035
50 50
27.0392
0.7596 0.8072 0.3634 0.4141 0.2341 0.2160 0.8555 0.4002 0.2232 0.8402 0.9522 0.6934 0.3421 0.3921 0.9571 0.9132 0.6451 0.1311 0.0787 0.3998 0.3421 0.3063 0.1325 0.5586 0.2641 0.5266 0.4208 0.8502 0.1253 0.0791 0.6097 0.9928 0.6610 0.7184 0.0978 0.0295 0.0277 0.1016 0.4990 0.1494 0.1188 0.2261 0.2285 0.0488 0.8672 0.0823 0.3598 0.8711 0.7847 0.0574
2 2
0.0000
1.0000 1.0000
46 46
23.4975
0.0116 0.0333 0.2304 0.5379 0.5717 0.6896 0.1398 0.1908 0.2671 0.2350 0.6047 0.5636 0.3438 0.6436 0.2390 0.3686 0.7638 0.4760 0.8555 0.2421 0.1895 0.6837 0.4617 0.7730 0.0938 0.0313 0.8089 0.7282 0.0420 0.5028 0.4832 0.3626 0.0173 0.9747 0.0460 0.5392 0.2261 0.4271 0.1743 0.8736 0.6720 0.8462 0.7066 0.7298 0.9423 0.3285
45 45
13.3948
0.7270 0.6430 0.1640 0.9689 0.9936 0.1284 0.1064 0.6052 0.0097 0.8010 0.1875 0.0690 0.7725 0.5571 0.7234 0.9494 0.9803 0.1458 0.7698 0.3482 0.7774 0.1153 0.2460 0.4189 0.3306 0.2037 0.1938 0.6763 0.2382 0.7532 0.8784 0.8606 0.8927 0.5546 0.7021 0.8527 0.8858 0.5573 0.7889 0.7861 0.8251 0.6846 0.8413 0.9483 0.0958
45 45
17.8744
0.9790 0.0298 0.3840 0.6144 0.0084 0.2033 0.2746 0.2811 0.8127 0.9659 0.3765 0.6282 0.5068 0.3540 0.0161 0.7216 0.1225 0.3095 0.7412 0.7055 0.5078 0.6071 0.6297 0.1144 0.5584 0.6511 0.3383 0.8594 0.4192 0.7037 0.2615 0.9165 0.9888 0.3208 0.6225 0.8799 0.3671 0.5556 0.3446 0.3710 0.1499 0.5900 0.3016 0.2804 0.0335
50 50
15.4338
0.1052 0.8663 0.0098 0.2493 0.8144 0.9718 0.9867 0.9089 0.2695 0.8264 0.8574 0.9563 0.4339 0.7044 0.7120 0.9657 0.0955 0.4632 0.6872 0.1548 0.5478 0.4249 0.6245 0.3991 0.0357 0.1015 0.2449 0.3657 0.6110 0.6408 0.8404 0.5687 0.8535 0.2725 0.2862 0.2876 0.5351 0.6248 0.7346 0.1758 0.3746 0.3197 0.8316 0.3647 0.9774 0.9541 0.7821 0.7795 0.6817 0.5681
46 46
17.5018
0.0617 0.1439 0.8910 0.4238 0.6531 0.0086 0.3556 0.5296 0.0498 0.5987 0.8269 0.4821 0.4611 0.0256 0.8808 0.0472 0.2529 0.6890 0.8946 0.7581 0.4846 0.4610 0.4808 0.7586 0.0795 0.0832 0.7252 0.1964 0.5856 0.7773 0.0212 0.7508 0.2078 0.2082 0.2502 0.3387 0.7859 0.7981 0.9040 0.6994 0.6009 0.3430 0.8459 0.1948 0.7328 0.2991
2 2
0.3333
0.5000 0.5000
50 50
50.0000
0.0000 0.0000 0.0000 0.0000 0.0000 0.0000 0.0000 0.0000 0.0000 0.0000 0.0000 0.0000 0.0000 0.0000 0.0000 0.0000 0.0000 0.0000 0.0000 0.0000 0.0000 0.0000 0.0000 0.0000 0.0000 0.0000 0.0000 0.0000 0.0000 0.0000 0.0000 0.0000 0.0000 0.0000 0.0000 0.0000 0.0000 0.0000 0.0000 0.0000 0.0000 0.0000 0.0000 0.0000 0.0000 0.0000 0.0000 0.0000 0.0000 0.0000
47 47
22.2464
0.9777 0.0078 0.6984 0.8544 0.5243 0.3109 0.2144 0.8975 0.3072 0.1911 0.5814 0.4618 0.9224 0.1139 0.8785 0.3929 0.4719 0.9975 0.8137 0.0217 0.4980 0.9292 0.4201 0.8168 0.6523 0.5027 0.7920 0.0506 0.0217 0.3387 0.2458 0.3744 0.9407 0.2118 0.3461 0.5209 0.4185 0.2563 0.5610 0.0234 0.0594 0.0031 0.9925 0.2241 0.7354 0.1543 0.3702
1 1
0.3333
0.0000
45 45
20.8113
0.0603 0.7895 0.5978 0.7575 0.7243 0.5355 0.3190 0.0135 0.7661 0.3091 0.6303 0.1929 0.2411 0.5933 0.7220 0.5029 0.9681 0.1489 0.1915 0.4780 0.9742 0.7768 0.7106 0.0583 0.0113 0.4574 0.1950 0.6190 0.0471 0.7009 0.4672 0.2045 0.9334 0.4515 0.2056 0.5118 0.3513 0.1506 0.0523 0.0279 0.5714 0.7773 0.3211 0.1392 0.6891
47 47
18.1334
0.1561 0.9301 0.2437 0.7628 0.9761 0.5837 0.3017 0.2178 0.9446 0.3128 0.7173 0.7802 0.3149 0.6976 0.1077 0.0929 0.2999 0.7751 0.2594 0.6641 0.3951 0.9488 0.7156 0.1755 0.2878 0.7534 0.6803 0.3792 0.0675 0.8314 0.0688 0.6437 0.3337 0.0309 0.2290 0.5419 0.7208 0.9454 0.1878 0.3657 0.7651 0.0392 0.6631 0.7766 0.1980 0.5899 0.7185
50 50
20.2043
0.1086 0.1149 0.1745 0.7238 0.3076 0.8678 0.8750 0.0792 0.2185 0.0780 0.9784 0.5974 0.3369 0.6921 0.1957 0.7377 0.5354 0.9397 0.8095 0.8862 0.6858 0.0056 0.8243 0.4805 0.2819 0.8836 0.5985 0.5228 0.8009 0.3439 0.4368 0.1503 0.1992 0.7109 0.7590 0.3728 0.3365 0.4096 0.6598 0.0991 0.9722 0.4029 0.0081 0.1436 0.7790 0.5046 0.9929 0.2107 0.4526 0.7069
50 50
0.0000
1.0000 1.0000 1.0000 1.0000 1.0000 1.0000 1.0000 1.0000 1.0000 1.0000 1.0000 1.0000 1.0000 1.0000 1.0000 1.0000 1.0000 1.0000 1.0000 1.0000 1.0000 1.0000 1.0000 1.0000 1.0000 1.0000 1.0000 1.0000 1.0000 1.0000 1.0000 1.0000 1.0000 1.0000 1.0000 1.0000 1.0000 1.0000 1.0000 1.0000 1.0000 1.0000 1.0000 1.0000 1.0000 1.0000 1.0000 1.0000 1.0000 1.0000
50 50
0.0000
0.8765 0.8765 0.8765 0.8765 0.8765 0.8765 0.8765 0.8765 0.8765 0.8765 0.8765 0.8765 0.8765 0.8765 0.8765 0.8765 0.8765 0.8765 0.8765 0.8765 0.8765 0.8765 0.8765 0.8765 0.8765 0.8765 0.8765 0.8765 0.8765 0.8765 0.8765 0.8765 0.8765 0.8765 0.8765 0.8765 0.8765 0.8765 0.8765 0.8765 0.8765 0.8765 0.8765 0.8765 0.8765 0.8765 0.8765 0.8765 0.8765 0.8765
46 46
19.4876
0.0287 0.0873 0.0030 0.0869 0.0405 0.0429 0.3433 0.7932 0.8274 0.5522 0.3642 0.3092 0.2052 0.8567 0.0950 0.0361 0.0269 0.5290 0.7508 0.7897 0.3230 0.9828 0.6362 0.3029 0.9318 0.1412 0.8414 0.9801 0.6047 0.8969 0.0817 0.0757 0.9658 0.7377 0.2984 0.5080 0.6427 0.8414 0.7846 0.0678 0.2622 0.5322 0.2066 0.7521 0.7491 0.0466
47 47
17.8624
0.1382 0.9157 0.4057 0.8094 0.3926 0.6753 0.9417 0.0260 0.2515 0.9245 0.6305 0.2319 0.5092 0.8703 0.4568 0.2856 0.0905 0.5169 0.1427 0.6943 0.8960 0.4016 0.8284 0.4055 0.1747 0.7716 0.0939 0.1291 0.7452 0.6674 0.1299 0.2364 0.7221 0.0968 0.3235 0.5318 0.1207 0.4220 0.6339 0.9097 0.1441 0.1265 0.9587 0.6956 0.5923 0.6116 0.9523
50 50
20.1303
0.8876 0.6840 0.3463 0.4277 0.8376 0.6510 0.2173 0.5080 0.1696 0.1492 0.6346 0.4021 0.8653 0.2301 0.3904 0.5181 0.2591 0.7012 0.5012 0.8773 0.9023 0.1743 0.2305 0.6555 0.3923 0.5096 0.3235 0.1249 0.5413 0.0593 0.1956 0.9203 0.7739 0.3521 0.2377 0.6397 0.9102 0.2133 0.7508 0.7121 0.3819 0.0566 0.6214 0.4596 0.8399 0.6126 0.4293 0.9276 0.5960 0.3094
1 1
0.5000
0.5000
