100
4 4
1.4000
0.5000 0.7000 0.8000 0.6000
2 2
1.0000
0.0000 0.0000
2 2
0.0000
0.9000 0.8000
2 2
0.1000
0.4000 0.5000
1 1
1.0000
0.0000
48 48
20.6780
0.3580 0.2958 0.9051 0.1027 0.9949 0.2578 0.6823 0.9820 0.5722 0.3041 0.0539 0.8561 0.6645 0.5216 0.2629 0.3318 0.1944 0.3181 0.6498 0.9511 0.6458 0.2453 0.7370 0.0022 0.4009 0.2543 0.9442 0.0246 0.8797 0.3435 0.7680 0.5032 0.3826 0.6846 0.3620 0.3056 0.7843 0.8860 0.5200 0.5854 0.9875 0.6599 0.6264 0.9612 0.6495 0.2362 0.7308 0.3087
45 45
14.8381
0.6013 0.9472 0.0302 0.4324 0.2578 0.4267 0.0174 0.0650 0.9764 0.9230 0.5799 0.3984 0.6209 0.8505 0.2087 0.7998 0.5399 0.8837 0.9461 0.3747 0.5867 0.0905 0.2787 0.7681 0.6913 0.4293 0.2206 0.0666 0.8522 0.2316 0.1925 0.2467 0.8187 0.6778 0.0836 0.6206 0.9398 0.7875 0.4205 0.0809 0.4742 0.2986 0.9735 0.7836 0.3553
50 50
0.6901
0.3483 0.9318 0.3303 0.8091 0.6598 0.2215 0.2791 0.7255 0.1546 0.2443 0.8733 0.0539 0.8764 0.1842 0.6915 0.3512 0.0863 0.8871 0.5109 0.2683 0.6196 0.7205 0.0857 0.7951 0.2108 0.7742 0.1090 0.8928 0.7287 0.2665 0.5160 0.5154 0.3337 0.2187 0.9438 0.0770 0.9641 0.6986 0.3158 0.0507 0.5983 0.1761 0.9926 0.7744 0.7417 0.6759 0.1224 0.0932 0.8265 0.3724
45 45
23.9136
0.1157 0.1733 0.7915 0.3448 0.6803 0.5944 0.2624 0.6162 0.1027 0.9112 0.2372 0.0698 0.2197 0.3512 0.5956 0.4369 0.1214 0.0938 0.2864 0.1415 0.8720 0.3409 0.4022 0.1855 0.3056 0.0495 0.7473 0.5607 0.0441 0.9220 0.3929 0.5344 0.9180 0.8079 0.0950 0.8299 0.3053 0.2715 0.4176 0.2308 0.8398 0.8162 0.5277 0.1222 0.2010
47 47
22.2409
0.6145 0.1335 0.5097 0.4584 0.7271 0.6574 0.3071 0.3966 0.6291 0.9374 0.3790 0.0679 0.7247 0.8953 0.5291 0.1392 0.2122 0.9153 0.3629 0.2316 0.9371 0.5946 0.0811 0.6043 0.1064 0.8932 0.3971 0.6960 0.0571 0.5202 0.7434 0.4497 0.1449 0.2358 0.0824 0.8562 0.7388 0.1501 0.0481 0.3048 0.1308 0.9549 0.4490 0.1729 0.2574 0.5334 0.2087
47 47
15.2022
0.0207 0.7804 0.6019 0.7958 0.8713 0.8698 0.4057 0.1980 0.7639 0.9206 0.8885 0.4364 0.4978 0.2093 0.7487 0.7602 0.6245 0.4040 0.9090 0.4097 0.2168 0.8058 0.3835 0.7369 0.0253 0.8047 0.3156 0.9726 0.4126 0.3187 0.1884 0.7993 0.2014 0.8893 0.7786 0.5359 0.4030 0.1208 0.0885 0.2667 0.8328 0.6315 0.2960 0.6048 0.8194 0.9369 0.3770
47 47
0.5837
0.8283 0.7012 0.4186 0.5956 0.7619 0.6131 0.1213 0.3154 0.6586 0.8463 0.6696 0.9160 0.5373 0.9918 0.7335 0.8867 0.5646 0.6248 0.0304 0.8177 0.0343 0.2756 0.6048 0.4096 0.5026 0.9137 0.1291 0.5064 0.5603 0.3682 0.8207 0.2976 0.7970 0.4740 0.7167 0.3602 0.7999 0.2916 0.1457 0.2637 0.0082 0.8003 0.3950 0.7741 0.8738 0.4499 0.3793
1 1
0.3333
0.0000
49 49
17.2920
0.5122 0.5667 0.2937 0.3454 0.0138 0.3296 0.8041 0.4317 0.2696 0.2173 0.5643 0.1575 0.1611 0.3612 0.9805 0.3298 0.4133 0.3807 0.3261 0.4633 0.8895 0.5946 0.5159 0.6232 0.3837 0.3146 0.5091 0.7788 0.4756 0.3875 0.5823 0.5307 0.8513 0.9259 0.0555 0.8177 0.5858 0.3434 0.4580 0.2870 0.9146 0.8613 0.5606 0.4040 0.5953 0.0070 0.6255 0.7971 0.7007
4 4
1.3999
0.5000 0.6000 0.8000 0.7000
50 50
0.0000
0.8765 0.8765 0.8765 0.8765 0.8765 0.8765 0.8765 0.8765 0.8765 0.8765 0.8765 0.8765 0.8765 0.8765 0.8765 0.8765 0.8765 0.8765 0.8765 0.8765 0.8765 0.8765 0.8765 0.8765 0.8765 0.8765 0.8765 0.8765 0.8765 0.8765 0.8765 0.8765 0.8765 0.8765 0.8765 0.8765 0.8765 0.8765 0.8765 0.8765 0.8765 0.8765 0.8765 0.8765 0.8765 0.8765 0.8765 0.8765 0.8765 0.8765
50 50
23.1700
0.1977 0.3877 0.7928 0.7910 0.6835 0.8969 0.2372 0.0721 0.2274 0.0937 0.4618 0.4872 0.8837 0.4517 0.3766 0.2456 0.2859 0.7696 0.2598 0.8269 0.1413 0.4426 0.6831 0.8553 0.0258 0.1005 0.1256 0.4692 0.4114 0.0420 0.8921 0.6290 0.5108 0.4504 0.8519 0.2972 0.1406 0.8412 0.4387 0.9770 0.3168 0.4855 0.0605 0.5850 0.2687 0.5782 0.5423 0.5454 0.9525 0.9632
48 48
22.2682
0.8048 0.2329 0.0978 0.1541 0.2907 0.0722 0.2962 0.6467 0.2762 0.6325 0.0419 0.3488 0.7964 0.6756 0.0038 0.0411 0.4806 0.1747 0.2823 0.6130 0.6086 0.7193 0.6034 0.4331 0.9300 0.2759 0.7363 0.7347 0.5913 0.8987 0.3675 0.6347 0.4327 0.7221 0.2626 0.0675 0.9666 0.9779 0.2380 0.7141 0.6247 0.5056 0.2432 0.1315 0.5269 0.0288 0.3597 0.9574
50 50
17.8173
0.8853 0.4781 0.7018 0.2343 0.0867 0.3553 0.0473 0.1432 0.3448 0.9914 0.4425 0.4026 0.2774 0.9684 0.7743 0.2132 0.5218 0.3028 0.7401 0.6196 0.8371 0.5351 0.8050 0.1234 0.2036 0.2847 0.1226 0.4596 0.8199 0.5744 0.6561 0.8075 0.5240 0.6720 0.2976 0.7738 0.9916 0.6329 0.4170 0.8147 0.0093 0.5356 0.3941 0.5958 0.6591 0.1635 0.7161 0.0457 0.8021 0.9044
50 50
0.0000
1.0000 1.0000 1.0000 1.0000 1.0000 1.0000 1.0000 1.0000 1.0000 1.0000 1.0000 1.0000 1.0000 1.0000 1.0000 1.0000 1.0000 1.0000 1.0000 1.0000 1.0000 1.0000 1.0000 1.0000 1.0000 1.0000 1.0000 1.0000 1.0000 1.0000 1.0000 1.0000 1.0000 1.0000 1.0000 1.0000 1.0000 1.0000 1.0000 1.0000 1.0000 1.0000 1.0000 1.0000 1.0000 1.0000 1.0000 1.0000 1.0000 1.0000
49 49
22.1702
0.9692 0.1595 0.3173 0.5989 0.0974 0.0311 0.3376 0.5481 0.3030 0.6984 0.0387 0.5513 0.5702 0.6482 0.5069 0.1514 0.1066 0.8063 0.6003 0.9525 0.4799 0.4415 0.8846 0.8091 0.2040 0.3165 0.1770 0.4924 0.8839 0.7425 0.3563 0.2186 0.2345 0.7508 0.9688 0.0330 0.1759 0.2557 0.7470 0.3202 0.5704 0.7987 0.4071 0.8142 0.3689 0.7028 0.5624 0.8545 0.5643
2 2
0.0000
1.0000 1.0000
49 49
18.3706
0.1238 0.6165 0.1023 0.1149 0.7919 0.3959 0.8561 0.5905 0.3181 0.7920 0.6451 0.0882 0.3734 0.7032 0.8479 0.2757 0.4630 0.0194 0.1410 0.0146 0.8986 0.5817 0.5941 0.6757 0.4191 0.6515 0.4269 0.8230 0.8258 0.6094 0.0906 0.0546 0.9491 0.9322 0.4709 0.3765 0.1203 0.1576 0.0548 0.9640 0.3218 0.8202 0.3300 0.6764 0.0976 0.0938 0.7683 0.5341 0.0783
46 46
18.2681
0.5265 0.7122 0.2987 0.3681 0.4225 0.2364 0.3548 0.8552 0.7486 0.8771 0.6427 0.9656 0.2496 0.1822 0.5092 0.8406 0.7979 0.3098 0.8521 0.4434 0.3203 0.7418 0.2586 0.7746 0.1385 0.0408 0.2852 0.4904 0.0442 0.7870 0.4493 0.0679 0.3947 0.3493 0.0072 0.4297 0.5966 0.5319 0.6579 0.9413 0.7587 0.3455 0.3729 0.2495 0.5370 0.1035
47 47
19.2277
0.5363 0.4761 0.8301 0.4775 0.1770 0.7316 0.5347 0.7551 0.6911 0.4277 0.3905 0.3053 0.9778 0.8864 0.0700 0.0425 0.8008 0.4873 0.0577 0.1432 0.9153 0.0523 0.1391 0.1461 0.7451 0.0097 0.5593 0.7944 0.7887 0.6175 0.6246 0.2347 0.5610 0.1698 0.1946 0.5451 0.1828 0.9596 0.8763 0.3953 0.5908 0.0982 0.8343 0.2585 0.3896 0.2719 0.9151
45 45
17.0447
0.4291 0.4430 0.8557 0.1980 0.3038 0.5031 0.8504 0.0520 0.9729 0.5216 0.5573 0.3937 0.2004 0.7303 0.2713 0.8295 0.7668 0.7493 0.2773 0.2893 0.3362 0.0051 0.8710 0.7929 0.0513 0.9105 0.2112 0.2276 0.0579 0.3988 0.8778 0.4871 0.8596 0.5000 0.0097 0.3030 0.6706 0.8073 0.2518 0.5494 0.2123 0.7932 0.8086 0.1166 0.4080
50 50
1.0000
0.0000 0.0000 0.0000 0.0000 0.0000 0.0000 0.0000 0.0000 0.0000 0.0000 0.0000 0.0000 0.0000 0.0000 0.0000 0.0000 0.0000 0.0000 0.0000 0.0000 0.0000 0.0000 0.0000 0.0000 0.0000 0.0000 0.0000 0.0000 0.0000 0.0000 0.0000 0.0000 0.0000 0.0000 0.0000 0.0000 0.0000 0.0000 0.0000 0.0000 0.0000 0.0000 0.0000 0.0000 0.0000 0.0000 0.0000 0.0000 0.0000 0.0000
48 48
18.9955
0.4575 0.0344 0.2812 0.6248 0.3191 0.3730 0.0023 0.5258 0.0099 0.3480 0.5863 0.6084 0.0001 0.3916 0.5666 0.3714 0.5560 0.9048 0.6544 0.3765 0.9317 0.4558 0.7815 0.5242 0.9229 0.5555 0.8371 0.5585 0.7868 0.4708 0.6634 0.7984 0.6592 0.0521 0.3828 0.4623 0.8463 0.0527 0.1599 0.4882 0.7554 0.4966 0.3359 0.4657 0.7448 0.1945 0.2353 0.1546
47 47
14.5031
0.4347 0.9053 0.0494 0.4407 0.8076 0.9017 0.1652 0.5980 0.7279 0.2267 0.7804 0.6725 0.9708 0.2934 0.5265 0.1814 0.8298 0.9840 0.0924 0.4388 0.5312 0.7403 0.4226 0.4857 0.0015 0.5482 0.7927 0.1958 0.7586 0.3351 0.5581 0.9648 0.8129 0.2771 0.5612 0.4767 0.8202 0.0470 0.6007 0.7119 0.8713 0.6603 0.3408 0.6242 0.1835 0.4234 0.5057
50 50
18.0070
0.6192 0.1197 0.5335 0.8102 0.5872 0.0929 0.8096 0.6989 0.8715 0.7292 0.4466 0.5018 0.2633 0.8218 0.2485 0.3550 0.3411 0.3954 0.9203 0.7066 0.5419 0.1540 0.3965 0.1571 0.5325 0.0702 0.4945 0.1968 0.3049 0.0187 0.3870 0.0039 0.7740 0.2391 0.6453 0.5517 0.3947 0.8226 0.8269 0.6952 0.0006 0.0552 0.9290 0.6134 0.9312 0.9822 0.9513 0.5962 0.6274 0.0132
47 47
22.0059
0.1689 0.7748 0.8712 0.9312 0.2280 0.9051 0.0670 0.5574 0.6982 0.5753 0.4414 0.6689 0.6330 0.0263 0.9936 0.9215 0.4929 0.6722 0.9142 0.2445 0.9079 0.9355 0.6139 0.6827 0.2184 0.6823 0.4021 0.3399 0.6920 0.0668 0.0003 0.0276 0.0403 0.0278 0.9330 0.6487 0.6803 0.2718 0.6755 0.6079 0.9479 0.6657 0.6120 0.2959 0.6177 0.2460 0.2648
45 45
17.6760
0.4037 0.2476 0.1198 0.2159 0.4003 0.1534 0.3622 0.6476 0.2015 0.3778 0.1665 0.6939 0.9484 0.5297 0.6444 0.5816 0.7725 0.8469 0.6343 0.5750 0.0374 0.3938 0.8288 0.7717 0.0557 0.2094 0.5259 0.8582 0.1300 0.2098 0.2904 0.8815 0.3996 0.5138 0.1982 0.9832 0.1444 0.5332 0.3156 0.8927 0.0822 0.2248 0.6483 0.2499 0.7824
50 50
20.3717
0.7838 0.7310 0.3410 0.1893 0.0031 0.6495 0.3798 0.9768 0.8890 0.1748 0.6079 0.5978 0.8234 0.7462 0.9479 0.9632 0.4493 0.1493 0.5639 0.4929 0.6083 0.7991 0.3236 0.1067 0.8851 0.4301 0.1488 0.7404 0.2754 0.2287 0.6840 0.0086 0.2689 0.5246 0.2950 0.5543 0.0858 0.3005 0.8437 0.3085 0.1228 0.2612 0.8976 0.8361 0.6463 0.6654 0.0647 0.2387 0.5418 0.9437
47 47
17.1458
0.9893 0.8518 0.2396 0.1036 0.3284 0.4057 0.3538 0.4173 0.3056 0.9753 0.3164 0.4551 0.0955 0.8340 0.5140 0.8823 0.5848 0.1942 0.5589 0.0793 0.3541 0.7306 0.6200 0.5273 0.5411 0.8416 0.4085 0.1609 0.6697 0.6290 0.7981 0.8318 0.6095 0.3789 0.3797 0.1849 0.6218 0.6642 0.3663 0.7904 0.1436 0.8269 0.8332 0.9273 0.1922 0.3034 0.9960
48 48
21.8454
0.6129 0.4843 0.8264 0.3695 0.0790 0.4775 0.0769 0.3963 0.1641 0.8561 0.6493 0.0230 0.5227 0.3357 0.3017 0.3378 0.8622 0.3023 0.2334 0.1166 0.1081 0.2633 0.7417 0.7170 0.1294 0.4463 0.3989 0.7766 0.2240 0.2067 0.6831 0.1218 0.9428 0.5190 0.3371 0.0946 0.4280 0.4896 0.2810 0.2734 0.0122 0.6297 0.1111 0.1452 0.7744 0.3728 0.2450 0.6546
50 50
18.9881
0.2116 0.9663 0.7942 0.8714 0.6368 0.2146 0.8769 0.0780 0.6941 0.7199 0.4449 0.2659 0.8713 0.2845 0.5105 0.8260 0.8096 0.0489 0.5672 0.1194 0.3345 0.1813 0.6424 0.8312 0.0115 0.1182 0.0350 0.3037 0.6904 0.6050 0.8663 0.5739 0.1194 0.7519 0.8505 0.0016 0.2539 0.6308 0.5681 0.0135 0.2762 0.4252 0.4763 0.2330 0.3455 0.6948 0.2423 0.9187 0.5952 0.6078
49 49
20.5194
0.3598 0.2002 0.7930 0.5452 0.0101 0.5922 0.0132 0.0934 0.6816 0.4885 0.4575 0.1843 0.0913 0.0096 0.1930 0.8158 0.0246 0.6456 0.1888 0.0909 0.6648 0.2334 0.4842 0.3433 0.3183 0.3805 0.2210 0.1461 0.9601 0.8419 0.8374 0.5230 0.9217 0.5361 0.9036 0.6222 0.3680 0.3181 0.2368 0.0786 0.5959 0.2502 0.2361 0.5073 0.9669 0.1059 0.6740 0.5879 0.2566
45 45
3.5904
0.4654 0.5127 0.1018 0.3233 0.4581 0.1847 0.4568 0.3308 0.4031 0.3252 0.7122 0.2692 0.9111 0.3085 0.3028 0.7398 0.5221 0.1272 0.9563 0.4520 0.1824 0.6697 0.3655 0.7248 0.7976 0.3324 0.4244 0.5679 0.8075 0.8945 0.4465 0.6942 0.2361 0.1036 0.5776 0.4820 0.3892 0.8465 0.3448 0.7715 0.8268 0.2414 0.4972 0.1720 0.3880
47 47
17.4249
0.9452 0.2546 0.2423 0.8789 0.6512 0.2646 0.7302 0.4349 0.4641 0.1827 0.5888 0.7658 0.8326 0.7241 0.0838 0.9807 0.7102 0.0237 0.0747 0.8015 0.5651 0.1565 0.3130 0.3371 0.3091 0.4372 0.5500 0.0087 0.7929 0.5519 0.7503 0.0100 0.9202 0.8192 0.1214 0.6826 0.7353 0.8753 0.0864 0.0928 0.3007 0.4180 0.7424 0.0846 0.1018 0.7830 0.3502
49 49
2.2603
0.7961 0.0706 0.8378 0.4266 0.8354 0.2235 0.2062 0.0852 0.8691 0.1329 0.4795 0.5337 0.2017 0.5509 0.7932 0.6125 0.7694 0.5154 0.5352 0.7001 0.0739 0.3850 0.7444 0.1160 0.4856 0.3106 0.8561 0.4379 0.1762 0.2831 0.2869 0.7809 0.5347 0.5165 0.2368 0.5095 0.7064 0.4581 0.9229 0.7481 0.8491 0.4606 0.6047 0.3545 0.1679 0.6942 0.6857 0.6873 0.7213
45 45
19.9771
0.5495 0.2519 0.6833 0.7361 0.2560 0.6319 0.5381 0.5733 0.7880 0.0056 0.4446 0.4572 0.9419 0.3748 0.6937 0.3044 0.1444 0.4150 0.3669 0.7948 0.3825 0.8822 0.2066 0.9372 0.4216 0.0998 0.3655 0.1329 0.2983 0.6168 0.3196 0.5384 0.3432 0.1113 0.4115 0.1447 0.1373 0.1670 0.4755 0.7217 0.6019 0.0737 0.8591 0.8347 0.2410
49 49
18.3460
0.5867 0.9810 0.7253 0.5068 0.3957 0.6472 0.1085 0.3735 0.4039 0.9626 0.6130 0.2554 0.7337 0.1773 0.9817 0.1747 0.7358 0.9983 0.5963 0.4858 0.1893 0.9133 0.4575 0.1657 0.1602 0.5239 0.3094 0.5059 0.9848 0.6424 0.5939 0.7847 0.7844 0.5003 0.5212 0.9169 0.9157 0.6958 0.0907 0.5020 0.8615 0.6753 0.8317 0.3273 0.0095 0.3490 0.5597 0.5586 0.0660
49 49
24.0847
0.5956 0.4105 0.4976 0.2895 0.8400 0.9417 0.0810 0.1256 0.8349 0.6441 0.0400 0.1564 0.0223 0.8699 0.8946 0.4242 0.6533 0.7648 0.3607 0.7097 0.6042 0.9645 0.1593 0.4307 0.6085 0.3014 0.0423 0.5692 0.9785 0.3136 0.3205 0.9680 0.3055 0.2245 0.3928 0.4461 0.0635 0.6751 0.1799 0.1919 0.2342 0.2838 0.0346 0.2827 0.2462 0.4496 0.0562 0.3478 0.9879
47 47
19.3853
0.1363 0.2860 0.0887 0.7283 0.0905 0.8669 0.3159 0.6066 0.3560 0.6196 0.5071 0.1163 0.8167 0.8737 0.9122 0.1856 0.5831 0.4445 0.5800 0.4899 0.1361 0.9471 0.1183 0.8192 0.4018 0.5044 0.6333 0.6679 0.2367 0.5826 0.2104 0.7851 0.5938 0.6195 0.1536 0.0834 0.5052 0.8185 0.3834 0.6260 0.8929 0.8853 0.4530 0.5138 0.8210 0.6881 0.1730
2 2
0.3333
0.0000 0.0000
49 49
17.1007
0.3485 0.7695 0.1515 0.3417 0.2103 0.2272 0.2988 0.3343 0.6474 0.8917 0.6227 0.7023 0.3619 0.1009 0.4672 0.4859 0.8671 0.6259 0.5268 0.2970 0.5968 0.2687 0.9727 0.3369 0.6508 0.7916 0.8015 0.2818 0.6514 0.9494 0.7619 0.9497 0.9199 0.9919 0.2196 0.2839 0.1689 0.2450 0.8963 0.6709 0.1587 0.8832 0.6888 0.8323 0.3183 0.6872 0.5606 0.8500 0.5101
46 46
16.9904
0.8702 0.1476 0.1204 0.4957 0.4426 0.6432 0.7588 0.9630 0.6385 0.9113 0.3359 0.0209 0.7141 0.6504 0.8338 0.0404 0.2061 0.2867 0.8590 0.7257 0.8336 0.3199 0.8590 0.7376 0.8410 0.8994 0.9462 0.2282 0.0249 0.2975 0.4976 0.2008 0.0086 0.4152 0.7259 0.8044 0.0459 0.2974 0.4874 0.2086 0.2520 0.4336 0.0469 0.3319 0.5530 0.9427
45 45
19.7070
0.1691 0.0200 0.9075 0.1807 0.1920 0.9285 0.7852 0.8478 0.0345 0.0133 0.2286 0.5269 0.1924 0.5945 0.7349 0.8278 0.4812 0.0654 0.1669 0.9303 0.3763 0.2908 0.4645 0.5255 0.5406 0.3955 0.3766 0.9169 0.4114 0.1066 0.1953 0.9851 0.9155 0.2633 0.5022 0.2739 0.3093 0.8136 0.0251 0.4165 0.7460 0.9598 0.6212 0.3206 0.1813
50 50
50.0000
0.0000 0.0000 0.0000 0.0000 0.0000 0.0000 0.0000 0.0000 0.0000 0.0000 0.0000 0.0000 0.0000 0.0000 0.0000 0.0000 0.0000 0.0000 0.0000 0.0000 0.0000 0.0000 0.0000 0.0000 0.0000 0.0000 0.0000 0.0000 0.0000 0.0000 0.0000 0.0000 0.0000 0.0000 0.0000 0.0000 0.0000 0.0000 0.0000 0.0000 0.0000 0.0000 0.0000 0.0000 0.0000 0.0000 0.0000 0.0000 0.0000 0.0000
48 48
25.5629
0.1988 0.0502 0.5076 0.7788 0.6202 0.9119 0.4868 0.2374 0.2399 0.3019 0.7700 0.3399 0.0354 0.3785 0.7462 0.9636 0.9230 0.7817 0.3492 0.3910 0.0361 0.0199 0.4153 0.3089 0.2370 0.2562 0.4892 0.8177 0.9554 0.6488 0.0590 0.0090 0.2034 0.0766 0.0411 0.4574 0.3141 0.5629 0.1817 0.0461 0.3708 0.4469 0.8291 0.5351 0.7501 0.2222 0.8315 0.2387
48 48
17.4017
0.4313 0.4620 0.3054 0.4832 0.0498 0.8258 0.5925 0.1277 0.4167 0.3278 0.9289 0.2504 0.0376 0.4552 0.7127 0.7772 0.0683 0.7306 0.2986 0.0757 0.5176 0.8580 0.0063 0.5133 0.7024 0.0533 0.7947 0.0094 0.3604 0.4879 0.7125 0.7939 0.8333 0.5150 0.8560 0.1904 0.4722 0.5820 0.6765 0.2587 0.7238 0.6037 0.0583 0.3804 0.6293 0.1391 0.7078 0.3595
50 50
18.0189
0.7499 0.0933 0.4942 0.8819 0.8951 0.7527 0.8587 0.3554 0.3935 0.4405 0.3298 0.8603 0.6806 0.5604 0.7976 0.5364 0.5992 0.4487 0.1036 0.4356 0.1636 0.1701 0.1900 0.5668 0.9411 0.3281 0.8172 0.4239 0.3047 0.6381 0.3817 0.2179 0.5176 0.2760 0.3489 0.8198 0.8430 0.6979 0.2585 0.9308 0.6027 0.6918 0.5260 0.0441 0.6418 0.2356 0.1195 0.7681 0.7774 0.7629
50 50
20.9517
0.1208 0.3563 0.9879 0.9605 0.8438 0.1361 0.0961 0.5462 0.9339 0.6693 0.6307 0.7385 0.7418 0.8588 0.9346 0.3244 0.3123 0.7354 0.6659 0.8401 0.0440 0.0412 0.1278 0.3894 0.6146 0.8505 0.5986 0.7965 0.5512 0.6083 0.9028 0.1169 0.9157 0.5110 0.4228 0.0836 0.8648 0.7927 0.3706 0.8117 0.9717 0.0193 0.3465 0.0097 0.3689 0.4618 0.4511 0.0549 0.8920 0.1810
46 46
19.5500
0.5010 0.8929 0.5021 0.1739 0.0118 0.6948 0.5992 0.0506 0.1946 0.6805 0.8998 0.6610 0.8572 0.1785 0.5413 0.9472 0.3195 0.2179 0.5886 0.0182 0.1132 0.5656 0.6660 0.7004 0.7995 0.6164 0.5126 0.1763 0.4999 0.3790 0.4983 0.7913 0.5317 0.5173 0.6013 0.0689 0.5153 0.4909 0.3187 0.0973 0.5686 0.5882 0.2292 0.1234 0.4492 0.0254
50 50
0.0000
0.0000 0.0000 0.0000 0.0000 0.0000 0.0000 0.0000 0.0000 0.0000 0.0000 0.0000 0.0000 0.0000 0.0000 0.0000 0.0000 0.0000 0.0000 0.0000 0.0000 0.0000 0.0000 0.0000 0.0000 0.0000 0.0000 0.0000 0.0000 0.0000 0.0000 0.0000 0.0000 0.0000 0.0000 0.0000 0.0000 0.0000 0.0000 0.0000 0.0000 0.0000 0.0000 0.0000 0.0000 0.0000 0.0000 0.0000 0.0000 0.0000 0.0000
50 50
1.0000
0.3333 0.3333 0.3333 0.3333 0.3333 0.3333 0.3333 0.3333 0.3333 0.3333 0.3333 0.3333 0.3333 0.3333 0.3333 0.3333 0.3333 0.3333 0.3333 0.3333 0.3333 0.3333 0.3333 0.3333 0.3333 0.3333 0.3333 0.3333 0.3333 0.3333 0.3333 0.3333 0.3333 0.3333 0.3333 0.3333 0.3333 0.3333 0.3333 0.3333 0.3333 0.3333 0.3333 0.3333 0.3333 0.3333 0.3333 0.3333 0.3333 0.3333
46 46
17.8715
0.0939 0.2301 0.2740 0.4761 0.2154 0.3919 0.9529 0.9501 0.6419 0.8013 0.2310 0.9361 0.9504 0.1256 0.4253 0.2425 0.4677 0.9173 0.1427 0.4753 0.5247 0.5160 0.3811 0.4418 0.8770 0.9403 0.8765 0.1656 0.4542 0.6575 0.5908 0.8015 0.6219 0.0274 0.1360 0.2173 0.1134 0.7366 0.1167 0.3656 0.7670 0.4180 0.5861 0.2656 0.5599 0.5173
46 46
18.2400
0.6492 0.3094 0.9362 0.4470 0.0049 0.5087 0.9816 0.1285 0.9432 0.5598 0.0763 0.0929 0.6844 0.0505 0.1977 0.2374 0.4781 0.8609 0.6994 0.3242 0.7778 0.2884 0.4510 0.5090 0.1424 0.5190 0.7846 0.1092 0.5866 0.1536 0.7988 0.7941 0.9053 0.9854 0.1908 0.4099 0.9691 0.4634 0.1931 0.0554 0.3784 0.3903 0.1969 0.6120 0.1453 0.9671
50 50
0.0049
0.9999 0.9999 0.9999 0.9999 0.9999 0.9999 0.9999 0.9999 0.9999 0.9999 0.9999 0.9999 0.9999 0.9999 0.9999 0.9999 0.9999 0.9999 0.9999 0.9999 0.9999 0.9999 0.9999 0.9999 0.9999 0.9999 0.9999 0.9999 0.9999 0.9999 0.9999 0.9999 0.9999 0.9999 0.9999 0.9999 0.9999 0.9999 0.9999 0.9999 0.9999 0.9999 0.9999 0.9999 0.9999 0.9999 0.9999 0.9999 0.9999 0.9999
46 46
16.9567
0.1677 0.0997 0.4654 0.5716 0.9266 0.3335 0.7344 0.3453 0.5425 0.2378 0.5388 0.4878 0.8402 0.0548 0.8269 0.0893 0.8943 0.9707 0.5833 0.0349 0.4798 0.4977 0.8573 0.2330 0.5039 0.3631 0.0900 0.4325 0.4631 0.1657 0.8342 0.4843 0.1437 0.9489 0.8148 0.1345 0.1480 0.7705 0.6209 0.0296 0.9292 0.0556 0.4025 0.3459 0.1593 0.5745
49 49
22.5806
0.4133 0.4804 0.7705 0.7627 0.1315 0.2634 0.5515 0.1340 0.3547 0.5345 0.0687 0.1078 0.6447 0.2159 0.3215 0.2242 0.1315 0.1178 0.8584 0.9960 0.2530 0.4309 0.8740 0.5630 0.9736 0.3610 0.7891 0.5623 0.4708 0.3723 0.2959 0.6254 0.9177 0.0475 0.9298 0.0671 0.3318 0.2712 0.3044 0.9917 0.0624 0.3845 0.4196 0.1290 0.5415 0.0590 0.7739 0.5427 0.2732
45 45
19.2782
0.5905 0.7111 0.0476 0.0694 0.5657 0.4868 0.6664 0.6602 0.2301 0.7611 0.0546 0.4674 0.4306 0.2456 0.5463 0.7804 0.5674 0.3221 0.3938 0.1111 0.7159 0.7994 0.6166 0.4170 0.6031 0.3216 0.6181 0.4716 0.5232 0.8718 0.4210 0.5446 0.8826 0.9543 0.7315 0.4805 0.3715 0.8766 0.0578 0.8281 0.4020 0.2800 0.1690 0.5257 0.9584
1 1
0.5000
0.5000
46 46
13.5729
0.5215 0.7119 0.3694 0.1687 0.5772 0.2974 0.9538 0.6234 0.7808 0.5591 0.1588 0.8229 0.9697 0.7414 0.7518 0.0022 0.9528 0.8470 0.8140 0.9874 0.8625 0.4469 0.3786 0.8201 0.8736 0.9968 0.1403 0.1451 0.3772 0.6654 0.9376 0.2855 0.2106 0.6368 0.6202 0.8285 0.6724 0.2701 0.9620 0.5247 0.0152 0.9406 0.5189 0.4797 0.8414 0.3138
47 47
17.2916
0.4416 0.4130 0.1762 0.3981 0.4682 0.1568 0.9090 0.2494 0.3710 0.2614 0.2980 0.4375 0.4575 0.4653 0.6671 0.0914 0.8464 0.7826 0.5381 0.0729 0.3363 0.4729 0.9256 0.9634 0.7893 0.7557 0.8825 0.2146 0.1930 0.6346 0.1946 0.6581 0.5125 0.1034 0.0928 0.8919 0.4923 0.4742 0.2790 0.5063 0.8383 0.1876 0.2368 0.6954 0.8238 0.1131 0.1049
49 49
22.4046
0.9091 0.9689 0.0235 0.1043 0.3022 0.4248 0.4010 0.8763 0.6678 0.0851 0.7509 0.3193 0.7391 0.2734 0.0509 0.5440 0.3320 0.4412 0.3162 0.6417 0.4127 0.4893 0.7834 0.7327 0.6983 0.7055 0.9530 0.2421 0.9858 0.6906 0.4708 0.2990 0.8237 0.0251 0.1278 0.2533 0.0775 0.8283 0.3944 0.8424 0.6558 0.0464 0.3530 0.3555 0.0894 0.3059 0.0848 0.2489 0.9035
50 50
25.1948
0.8443 0.9010 0.1994 0.2428 0.6524 0.8911 0.4697 0.4089 0.3158 0.0071 0.0098 0.7362 0.5239 0.6612 0.3532 0.0878 0.5646 0.7611 0.1540 0.2307 0.9466 0.9224 0.1788 0.6980 0.1977 0.7066 0.0945 0.8240 0.3480 0.8405 0.1954 0.8416 0.2134 0.0588 0.3287 0.0499 0.0657 0.3839 0.2474 0.5278 0.9939 0.2098 0.2771 0.8380 0.9118 0.2954 0.6796 0.0167 0.7769 0.1245
47 47
17.4621
0.8799 0.4936 0.3538 0.3158 0.6723 0.5561 0.1196 0.5204 0.4732 0.0807 0.3987 0.2808 0.0307 0.8843 0.6567 0.5889 0.1298 0.0385 0.9515 0.9258 0.9508 0.1916 0.6190 0.0544 0.7372 0.1374 0.4407 0.2784 0.8005 0.4673 0.4615 0.4778 0.5010 0.4274 0.1122 0.0815 0.9441 0.8168 0.7053 0.7307 0.4474 0.6069 0.9708 0.0424 0.5180 0.6119 0.5326
47 47
2.2784
0.1277 0.9460 0.8489 0.5550 0.8840 0.9963 0.3084 0.0708 0.9056 0.3635 0.8156 0.3204 0.1259 0.1539 0.6562 0.9042 0.3364 0.1005 0.6852 0.7939 0.9917 0.0239 0.4354 0.9770 0.6483 0.1427 0.4495 0.8419 0.4923 0.1370 0.6641 0.8193 0.1305 0.7958 0.1902 0.7511 0.5519 0.8278 0.6506 0.7586 0.6587 0.1664 0.2816 0.1637 0.3553 0.1028 0.2346
48 48
15.2519
0.3125 0.9972 0.3150 0.2471 0.8420 0.4372 0.6101 0.5208 0.9746 0.3488 0.7888 0.0131 0.0992 0.7200 0.6418 0.8023 0.7394 0.2535 0.4643 0.8367 0.5216 0.6129 0.8165 0.8001 0.1843 0.8531 0.2713 0.4477 0.3446 0.4473 0.8458 0.3231 0.8288 0.4729 0.5552 0.7009 0.4490 0.2047 0.2738 0.5926 0.8535 0.9288 0.8696 0.0500 0.6481 0.0179 0.5740 0.6733
49 49
21.7067
0.4182 0.6515 0.0989 0.0893 0.6321 0.4851 0.5823 0.3933 0.2818 0.7257 0.4121 0.2159 0.3277 0.1769 0.3920 0.5896 0.6814 0.2211 0.1809 0.0513 0.2526 0.0250 0.2964 0.8680 0.9939 0.3726 0.2144 0.6368 0.8904 0.5203 0.5666 0.6618 0.3025 0.1470 0.1930 0.8465 0.5528 0.4635 0.1786 0.4028 0.7104 0.8618 0.0639 0.7122 0.0075 0.1722 0.0887 0.8686 0.5963
46 46
18.2268
0.6365 0.7587 0.6277 0.7832 0.0505 0.2407 0.6847 0.8187 0.0230 0.1152 0.8981 0.5950 0.7357 0.6030 0.4187 0.2305 0.1443 0.3667 0.6772 0.8337 0.4223 0.6023 0.7341 0.7766 0.5988 0.0751 0.0568 0.2981 0.5902 0.8685 0.7098 0.2958 0.0031 0.3919 0.1907 0.3179 0.7120 0.2074 0.0119 0.7933 0.9921 0.2223 0.8193 0.9459 0.9860 0.2878
50 50
18.0093
0.8100 0.6311 0.5354 0.6812 0.8857 0.8757 0.5590 0.4819 0.0836 0.3029 0.0687 0.7130 0.0948 0.1431 0.4479 0.1063 0.3769 0.8334 0.5221 0.7826 0.9879 0.2514 0.6555 0.3572 0.8501 0.4795 0.9797 0.7174 0.5208 0.0443 0.2705 0.5166 0.4532 0.6206 0.1556 0.0027 0.6042 0.1943 0.8822 0.1615 0.5948 0.6823 0.4553 0.7575 0.7142 0.6310 0.3416 0.2752 0.9742 0.4877
45 45
18.7287
0.6688 0.5647 0.3684 0.5677 0.2287 0.4159 0.4691 0.9392 0.4114 0.8188 0.8627 0.0297 0.3605 0.2190 0.9634 0.1788 0.5169 0.8819 0.3924 0.8357 0.0823 0.4222 0.3899 0.4073 0.2672 0.2301 0.1318 0.1067 0.8772 0.0495 0.5376 0.4820 0.5469 0.6846 0.0848 0.1446 0.5005 0.5241 0.2477 0.7684 0.4436 0.0323 0.4610 0.3525 0.7480
48 48
19.9469
0.1295 0.4138 0.5063 0.9866 0.6142 0.5731 0.6716 0.0494 0.6753 0.4918 0.9298 0.0528 0.8226 0.1940 0.6232 0.1798 0.8084 0.9741 0.1250 0.1467 0.3446 0.1601 0.0293 0.7908 0.7466 0.3567 0.0994 0.5256 0.5777 0.7275 0.5766 0.9115 0.7555 0.7415 0.0411 0.0992 0.1281 0.5605 0.0524 0.3789 0.6075 0.7608 0.2034 0.7681 0.2744 0.2857 0.6666 0.4158
50 50
0.0050
0.9999 0.9999 0.9999 0.9999 0.9999 0.9999 0.9999 0.9999 0.9999 0.9999 0.9999 0.9999 0.9999 0.9999 0.9999 0.9999 0.9999 0.9999 0.9999 0.9999 0.9999 0.9999 0.9999 0.9999 0.9999 0.9999 0.9999 0.9999 0.9999 0.9999 0.9999 0.9999 0.9999 0.9999 0.9999 0.9999 0.9999 0.9999 0.9999 0.9999 0.9999 0.9999 0.9999 0.9999 0.9999 0.9999 0.9999 0.9999 0.9999 0.9999
49 49
18.0454
0.2294 0.8347 0.4975 0.6309 0.5367 0.7973 0.0215 0.9909 0.7360 0.5440 0.8559 0.6767 0.3423 0.1355 0.5502 0.5201 0.3834 0.3581 0.1965 0.5405 0.8188 0.4537 0.2793 0.1351 0.2906 0.4988 0.6832 0.1623 0.6734 0.4276 0.9488 0.7793 0.5137 0.3548 0.8102 0.0728 0.3441 0.8449 0.2538 0.7767 0.5575 0.7755 0.1159 0.3767 0.7781 0.7781 0.8046 0.9026 0.1335
49 49
17.4831
0.8155 0.6749 0.9496 0.4899 0.6225 0.5189 0.4593 0.7525 0.5754 0.2945 0.5793 0.5726 0.3262 0.6081 0.0345 0.1927 0.8297 0.2895 0.6118 0.3451 0.9728 0.9557 0.7093 0.4820 0.3953 0.1353 0.7026 0.7661 0.1460 0.4379 0.6716 0.9958 0.9729 0.0595 0.3168 0.3608 0.1890 0.8344 0.9731 0.4327 0.1742 0.6140 0.4789 0.2403 0.7131 0.5341 0.3330 0.8788 0.7071
50 50
18.9647
0.1665 0.6139 0.8479 0.0722 0.6585 0.3607 0.4821 0.2703 0.5557 0.6614 0.6754 0.0832 0.8657 0.8944 0.2260 0.1884 0.4678 0.8896 0.4277 0.2708 0.6876 0.9956 0.6404 0.8561 0.2821 0.4852 0.9421 0.0069 0.8956 0.4733 0.5196 0.3957 0.3938 0.7294 0.1571 0.7317 0.1038 0.0335 0.5537 0.2638 0.2516 0.2330 0.4572 0.2733 0.1767 0.7725 0.0752 0.7696 0.2245 0.0682
2 2
0.3333
0.5000 0.5000
45 45
14.2240
0.7299 0.7076 0.6912 0.0170 0.6601 0.3110 0.8530 0.0081 0.5016 0.7923 0.6520 0.2857 0.3294 0.6583 0.5407 0.6230 0.7495 0.5195 0.1661 0.7199 0.7952 0.5615 0.1181 0.1407 0.7766 0.1245 0.9087 0.6046 0.5615 0.0369 0.5287 0.9614 0.1587 0.5584 0.1475 0.8455 0.6064 0.2085 0.5235 0.0229 0.8533 0.9290 0.8169 0.9433 0.9250
47 47
16.3408
0.8537 0.4140 0.0408 0.2063 0.9580 0.8884 0.7082 0.4687 0.9279 0.9592 0.5488 0.8263 0.0523 0.7490 0.0596 0.4753 0.4244 0.8901 0.2795 0.3136 0.8823 0.5378 0.1066 0.2696 0.8226 0.5973 0.2061 0.4026 0.7089 0.9330 0.5566 0.2856 0.8898 0.0427 0.4152 0.9523 0.6960 0.5469 0.5698 0.3987 0.6048 0.1867 0.2520 0.6200 0.8997 0.6125 0.0129
45 45
16.7150
0.6370 0.1977 0.4684 0.2245 0.6936 0.3244 0.0432 0.3988 0.6134 0.1259 0.6911 0.2067 0.0566 0.8909 0.8317 0.0868 0.8620 0.5949 0.7753 0.8287 0.5775 0.5915 0.1394 0.5396 0.4203 0.6924 0.7016 0.7356 0.2943 0.3231 0.2594 0.5967 0.5600 0.4614 0.5389 0.7433 0.7486 0.5073 0.5187 0.2685 0.8511 0.5141 0.3654 0.7689 0.4731
1 1
0.3333
0.5000
50 50
17.0993
0.3350 0.5168 0.1072 0.8508 0.8414 0.2375 0.9487 0.1617 0.4686 0.9593 0.3476 0.9383 0.7525 0.6611 0.5769 0.5235 0.7261 0.4172 0.8739 0.5513 0.5512 0.0775 0.9875 0.1252 0.2073 0.2324 0.3574 0.1260 0.4434 0.0492 0.1340 0.4138 0.4246 0.6614 0.2861 0.4279 0.3260 0.5004 0.3171 0.6837 0.5002 0.2995 0.5559 0.6354 0.9610 0.3640 0.9430 0.5495 0.9507 0.5534
49 49
23.5434
0.4573 0.8445 0.4625 0.7869 0.2707 0.4314 0.8476 0.7638 0.0597 0.1682 0.1716 0.2716 0.7081 0.0148 0.2527 0.6440 0.6104 0.5010 0.6764 0.1337 0.2490 0.5401 0.7882 0.1491 0.4862 0.4117 0.7971 0.0298 0.8975 0.7917 0.0677 0.0300 0.6960 0.1252 0.7511 0.6703 0.8099 0.4015 0.7537 0.6088 0.0264 0.8811 0.5586 0.5867 0.5149 0.6711 0.0121 0.0008 0.5548
45 45
13.8104
0.2094 0.4013 0.0341 0.5672 0.9194 0.9974 0.9590 0.0838 0.6306 0.3642 0.7184 0.8271 0.6507 0.4350 0.0015 0.3175 0.2576 0.5253 0.1827 0.1260 0.9131 0.6849 0.4278 0.9193 0.4075 0.9722 0.9864 0.9039 0.7985 0.1736 0.1873 0.9391 0.2841 0.9953 0.6575 0.0057 0.3465 0.8244 0.8264 0.9259 0.5834 0.0494 0.4103 0.8122 0.9747
50 50
0.0000
0.8700 0.8700 0.8700 0.8700 0.8700 0.8700 0.8700 0.8700 0.8700 0.8700 0.8700 0.8700 0.8700 0.8700 0.8700 0.8700 0.8700 0.8700 0.8700 0.8700 0.8700 0.8700 0.8700 0.8700 0.8700 0.8700 0.8700 0.8700 0.8700 0.8700 0.8700 0.8700 0.8700 0.8700 0.8700 0.8700 0.8700 0.8700 0.8700 0.8700 0.8700 0.8700 0.8700 0.8700 0.8700 0.8700 0.8700 0.8700 0.8700 0.8700
50 50
0.0000
0.9999 0.9999 0.9999 0.9999 0.9999 0.9999 0.9999 0.9999 0.9999 0.9999 0.9999 0.9999 0.9999 0.9999 0.9999 0.9999 0.9999 0.9999 0.9999 0.9999 0.9999 0.9999 0.9999 0.9999 0.9999 0.9999 0.9999 0.9999 0.9999 0.9999 0.9999 0.9999 0.9999 0.9999 0.9999 0.9999 0.9999 0.9999 0.9999 0.9999 0.9999 0.9999 0.9999 0.9999 0.9999 0.9999 0.9999 0.9999 0.9999 0.9999
50 50
0.0000
0.3333 0.3333 0.3333 0.3333 0.3333 0.3333 0.3333 0.3333 0.3333 0.3333 0.3333 0.3333 0.3333 0.3333 0.3333 0.3333 0.3333 0.3333 0.3333 0.3333 0.3333 0.3333 0.3333 0.3333 0.3333 0.3333 0.3333 0.3333 0.3333 0.3333 0.3333 0.3333 0.3333 0.3333 0.3333 0.3333 0.3333 0.3333 0.3333 0.3333 0.3333 0.3333 0.3333 0.3333 0.3333 0.3333 0.3333 0.3333 0.3333 0.3333
1 1
0.0000
1.0000
45 45
16.6793
0.8436 0.2399 0.8039 0.4413 0.4572 0.8946 0.9331 0.7665 0.1948 0.9540 0.8728 0.3157 0.6584 0.5488 0.8700 0.5799 0.6417 0.9579 0.1105 0.8125 0.5065 0.3800 0.2735 0.0198 0.4523 0.2101 0.1648 0.4473 0.8047 0.4661 0.0296 0.2040 0.8215 0.5294 0.5737 0.8026 0.0504 0.1466 0.9415 0.6654 0.3381 0.5685 0.6560 0.1280 0.5270
49 49
16.5350
0.5399 0.6647 0.9597 0.9889 0.5910 0.0467 0.2484 0.4975 0.7806 0.4709 0.2849 0.2489 0.3191 0.4898 0.5754 0.8514 0.5779 0.2622 0.5530 0.8873 0.1079 0.0063 0.3445 0.7218 0.9561 0.6607 0.7864 0.3878 0.6923 0.3617 0.5073 0.8884 0.0874 0.3083 0.9780 0.4609 0.0463 0.5573 0.8103 0.5985 0.6868 0.7319 0.9403 0.3590 0.0869 0.9825 0.5219 0.7099 0.6884
2 2
0.5000
0.5000 0.5000
47 47
18.2655
0.2345 0.4620 0.8825 0.5461 0.5505 0.8126 0.5884 0.2006 0.2143 0.4378 0.1413 0.4104 0.7448 0.9073 0.2837 0.5486 0.3414 0.7958 0.9179 0.0545 0.5343 0.2955 0.8609 0.4038 0.9717 0.6007 0.5297 0.5089 0.8394 0.9945 0.0947 0.7452 0.8759 0.1048 0.7786 0.0359 0.2293 0.4350 0.2443 0.1523 0.4181 0.5688 0.5517 0.8027 0.4611 0.6982 0.4690
4 4
0.0001
0.0000 0.0000 0.0000 0.0000
45 45
19.4944
0.1383 0.3588 0.2706 0.4805 0.8857 0.4757 0.0817 0.4112 0.4139 0.2182 0.1321 0.6890 0.0931 0.8462 0.3834 0.8782 0.8827 0.4100 0.0195 0.5092 0.6955 0.4683 0.3691 0.7897 0.5027 0.6949 0.3373 0.9053 0.0798 0.2921 0.2204 0.3306 0.9137 0.8710 0.2479 0.6168 0.3698 0.2588 0.0861 0.2424 0.0849 0.8445 0.3797 0.4017 0.6579
47 47
17.9289
0.6615 0.9870 0.4873 0.4797 0.8189 0.0389 0.6844 0.1640 0.2769 0.9301 0.1363 0.0991 0.1798 0.5409 0.1704 0.7019 0.5884 0.5236 0.3296 0.4310 0.3847 0.2038 0.0494 0.4742 0.7050 0.9596 0.5978 0.4641 0.5828 0.3723 0.9095 0.2036 0.8179 0.9450 0.1064 0.4955 0.3884 0.0865 0.0389 0.0787 0.0882 0.1858 0.9823 0.8767 0.7468 0.4972 0.6285
46 46
23.7744
0.9166 0.3657 0.1471 0.4246 0.3472 0.7855 0.1162 0.2581 0.2211 0.5651 0.4139 0.3568 0.9787 0.1425 0.3762 0.9823 0.0803 0.2730 0.3436 0.0273 0.7561 0.5912 0.0587 0.2306 0.2484 0.0543 0.3226 0.0623 0.0645 0.3538 0.8087 0.0810 0.8087 0.5694 0.6752 0.7273 0.8315 0.4360 0.8179 0.6813 0.9024 0.9810 0.2501 0.9000 0.7138 0.6028
50 50
33.3350
0.3333 0.3333 0.3333 0.3333 0.3333 0.3333 0.3333 0.3333 0.3333 0.3333 0.3333 0.3333 0.3333 0.3333 0.3333 0.3333 0.3333 0.3333 0.3333 0.3333 0.3333 0.3333 0.3333 0.3333 0.3333 0.3333 0.3333 0.3333 0.3333 0.3333 0.3333 0.3333 0.3333 0.3333 0.3333 0.3333 0.3333 0.3333 0.3333 0.3333 0.3333 0.3333 0.3333 0.3333 0.3333 0.3333 0.3333 0.3333 0.3333 0.3333
